# Results/Pozo_Noruego_3.dat
# 6
# X
# Y
# Z
# Ip
# Rhob
# Vp
0.000000000000000000e+00,0.000000000000000000e+00,2.154000000000000000e+03,1.578303994965793572e+04,2.220614285714284986e+00,7.105296440342857750e+03
0.000000000000000000e+00,0.000000000000000000e+00,2.155000000000000000e+03,1.665941770337693742e+04,2.231916666666666771e+00,7.463588384066667459e+03
0.000000000000000000e+00,0.000000000000000000e+00,2.156000000000000000e+03,1.422097989076687918e+04,2.203728571428571037e+00,6.452779546571428909e+03
0.000000000000000000e+00,0.000000000000000000e+00,2.157000000000000000e+03,1.356152533390317876e+04,2.140033333333333232e+00,6.336893247400000291e+03
0.000000000000000000e+00,0.000000000000000000e+00,2.158000000000000000e+03,1.425287424686811210e+04,2.167014285714285560e+00,6.576982775142857463e+03
0.000000000000000000e+00,0.000000000000000000e+00,2.159000000000000000e+03,1.479272062155164713e+04,2.174150000000000027e+00,6.803822396200000185e+03
0.000000000000000000e+00,0.000000000000000000e+00,2.160000000000000000e+03,1.555017654138141370e+04,2.201714285714285957e+00,7.062481478342857372e+03
0.000000000000000000e+00,0.000000000000000000e+00,2.161000000000000000e+03,1.578778581032723923e+04,2.189400000000000013e+00,7.210756698685714582e+03
0.000000000000000000e+00,0.000000000000000000e+00,2.162000000000000000e+03,1.664676501377695240e+04,2.247333333333333183e+00,7.406583789066667123e+03
0.000000000000000000e+00,0.000000000000000000e+00,2.163000000000000000e+03,1.625490623584876994e+04,2.210014285714286153e+00,7.355226144628570182e+03
0.000000000000000000e+00,0.000000000000000000e+00,2.164000000000000000e+03,1.669631568191988117e+04,2.214499999999999691e+00,7.539184405733332824e+03
0.000000000000000000e+00,0.000000000000000000e+00,2.165000000000000000e+03,1.751375465914654342e+04,2.250157142857142745e+00,7.783300774000000274e+03
0.000000000000000000e+00,0.000000000000000000e+00,2.166000000000000000e+03,1.835000803470680330e+04,2.323399999999999910e+00,7.896560838866668746e+03
0.000000000000000000e+00,0.000000000000000000e+00,2.167000000000000000e+03,1.812566221434813269e+04,2.327728571428571591e+00,7.781397886799998560e+03
0.000000000000000000e+00,0.000000000000000000e+00,2.168000000000000000e+03,1.745179008000144313e+04,2.292616666666666969e+00,7.610537207666667200e+03
0.000000000000000000e+00,0.000000000000000000e+00,2.169000000000000000e+03,1.690115372231421497e+04,2.279228571428571826e+00,7.414928058799999235e+03
0.000000000000000000e+00,0.000000000000000000e+00,2.170000000000000000e+03,1.514926731923473199e+04,2.224899999999999878e+00,6.802657698000000892e+03
0.000000000000000000e+00,0.000000000000000000e+00,2.171000000000000000e+03,1.554667913867919378e+04,2.261283333333333534e+00,6.871117892666666194e+03
0.000000000000000000e+00,0.000000000000000000e+00,2.172000000000000000e+03,1.884617219569091685e+04,2.432600000000000318e+00,7.749686224742856211e+03
0.000000000000000000e+00,0.000000000000000000e+00,2.173000000000000000e+03,1.684983919623770271e+04,2.292533333333333090e+00,7.330851065733334508e+03
0.000000000000000000e+00,0.000000000000000000e+00,2.174000000000000000e+03,1.576630495709017305e+04,2.206414285714285661e+00,7.145936674114285779e+03
0.000000000000000000e+00,0.000000000000000000e+00,2.175000000000000000e+03,1.825569992090591040e+04,2.345250000000000057e+00,7.771440537399998902e+03
0.000000000000000000e+00,0.000000000000000000e+00,2.176000000000000000e+03,1.606695537494120435e+04,2.240985714285713915e+00,7.170388305942856277e+03
0.000000000000000000e+00,0.000000000000000000e+00,2.177000000000000000e+03,1.688571470700951977e+04,2.218699999999999672e+00,7.609678721200000837e+03
0.000000000000000000e+00,0.000000000000000000e+00,2.178000000000000000e+03,1.676369133915026396e+04,2.214549999999999574e+00,7.569537643800001206e+03
0.000000000000000000e+00,0.000000000000000000e+00,2.179000000000000000e+03,1.609340578682999148e+04,2.202628571428571824e+00,7.305357376628571728e+03
0.000000000000000000e+00,0.000000000000000000e+00,2.180000000000000000e+03,1.810273810061305994e+04,2.175416666666666554e+00,8.315874063133333038e+03
0.000000000000000000e+00,0.000000000000000000e+00,2.181000000000000000e+03,1.923531086299899471e+04,2.242771428571428416e+00,8.576650068228571399e+03
0.000000000000000000e+00,0.000000000000000000e+00,2.182000000000000000e+03,1.861766594462793728e+04,2.221049999999999969e+00,8.380872971599999801e+03
0.000000000000000000e+00,0.000000000000000000e+00,2.183000000000000000e+03,1.933173430252998878e+04,2.212671428571428400e+00,8.741268558685715107e+03
0.000000000000000000e+00,0.000000000000000000e+00,2.184000000000000000e+03,1.959297750634971089e+04,2.188316666666666688e+00,8.953352211266666927e+03
0.000000000000000000e+00,0.000000000000000000e+00,2.185000000000000000e+03,1.905227433623818797e+04,2.229928571428571704e+00,8.542730869542856453e+03
0.000000000000000000e+00,0.000000000000000000e+00,2.186000000000000000e+03,1.843539409105745290e+04,2.228514285714285670e+00,8.273284854171428378e+03
0.000000000000000000e+00,0.000000000000000000e+00,2.187000000000000000e+03,1.878387157986777311e+04,2.223683333333333678e+00,8.448228616800000964e+03
0.000000000000000000e+00,0.000000000000000000e+00,2.188000000000000000e+03,1.888784911162899880e+04,2.219971428571428707e+00,8.508169563600002220e+03
0.000000000000000000e+00,0.000000000000000000e+00,2.189000000000000000e+03,1.818240220257175679e+04,2.206216666666666271e+00,8.240737359066666613e+03
0.000000000000000000e+00,0.000000000000000000e+00,2.190000000000000000e+03,1.875365209289899940e+04,2.215771428571428725e+00,8.463606382571428185e+03
0.000000000000000000e+00,0.000000000000000000e+00,2.191000000000000000e+03,1.944566654581774128e+04,2.181316666666666571e+00,8.914594554733334007e+03
0.000000000000000000e+00,0.000000000000000000e+00,2.192000000000000000e+03,1.859194334334861924e+04,2.185885714285714432e+00,8.503440467085714772e+03
0.000000000000000000e+00,0.000000000000000000e+00,2.193000000000000000e+03,1.760190084728780494e+04,2.210014285714285709e+00,7.963507941371428387e+03
0.000000000000000000e+00,0.000000000000000000e+00,2.194000000000000000e+03,1.970679714308468101e+04,2.260633333333333272e+00,8.716475563266665631e+03
0.000000000000000000e+00,0.000000000000000000e+00,2.195000000000000000e+03,1.810141462967644475e+04,2.248271428571428476e+00,8.045692983371428454e+03
0.000000000000000000e+00,0.000000000000000000e+00,2.196000000000000000e+03,1.840281949199606970e+04,2.305933333333333390e+00,7.976553186133332929e+03
0.000000000000000000e+00,0.000000000000000000e+00,2.197000000000000000e+03,1.805702600667745719e+04,2.226114285714285934e+00,8.108342966628571048e+03
0.000000000000000000e+00,0.000000000000000000e+00,2.198000000000000000e+03,2.238624954947457081e+04,2.387316666666666531e+00,9.331578382599998804e+03
0.000000000000000000e+00,0.000000000000000000e+00,2.199000000000000000e+03,1.873107442532237110e+04,2.280242857142857016e+00,8.211614435999999841e+03
0.000000000000000000e+00,0.000000000000000000e+00,2.200000000000000000e+03,1.884590674152043721e+04,2.166683333333333294e+00,8.698578581066665720e+03
0.000000000000000000e+00,0.000000000000000000e+00,2.201000000000000000e+03,1.691601951675317468e+04,2.159485714285714231e+00,7.816437257999999019e+03
0.000000000000000000e+00,0.000000000000000000e+00,2.202000000000000000e+03,1.771428677280016564e+04,2.252999999999999670e+00,7.859486565714286371e+03
0.000000000000000000e+00,0.000000000000000000e+00,2.203000000000000000e+03,1.742048046613864790e+04,2.221283333333333054e+00,7.843362018266666382e+03
0.000000000000000000e+00,0.000000000000000000e+00,2.204000000000000000e+03,2.101685943378807497e+04,2.241342857142857081e+00,9.374287889028570135e+03
0.000000000000000000e+00,0.000000000000000000e+00,2.205000000000000000e+03,1.976484911563350761e+04,2.233816666666666784e+00,8.845428979466667442e+03
0.000000000000000000e+00,0.000000000000000000e+00,2.206000000000000000e+03,2.116655400550743434e+04,2.270485714285714440e+00,9.321555416400000468e+03
0.000000000000000000e+00,0.000000000000000000e+00,2.207000000000000000e+03,2.098026110334559053e+04,2.281099999999999905e+00,9.197906024866666485e+03
0.000000000000000000e+00,0.000000000000000000e+00,2.208000000000000000e+03,2.055429142123561542e+04,2.210614285714285643e+00,9.297820882457144762e+03
0.000000000000000000e+00,0.000000000000000000e+00,2.209000000000000000e+03,2.075566581947437589e+04,2.226966666666666317e+00,9.322151435666666657e+03
0.000000000000000000e+00,0.000000000000000000e+00,2.210000000000000000e+03,1.954512608804244155e+04,2.249342857142857088e+00,8.687476843428570646e+03
0.000000000000000000e+00,0.000000000000000000e+00,2.211000000000000000e+03,1.982517955500940297e+04,2.225600000000000023e+00,8.906796310514286233e+03
0.000000000000000000e+00,0.000000000000000000e+00,2.212000000000000000e+03,2.143240023253407344e+04,2.192966666666666953e+00,9.771943663533333165e+03
0.000000000000000000e+00,0.000000000000000000e+00,2.213000000000000000e+03,2.159167415221963893e+04,2.176400000000000112e+00,9.920786781657141546e+03
0.000000000000000000e+00,0.000000000000000000e+00,2.214000000000000000e+03,2.105531882447009048e+04,2.186283333333333356e+00,9.630643352799999775e+03
0.000000000000000000e+00,0.000000000000000000e+00,2.215000000000000000e+03,2.010974929696152321e+04,2.179814285714285482e+00,9.225014355942856128e+03
0.000000000000000000e+00,0.000000000000000000e+00,2.216000000000000000e+03,1.999232097822756623e+04,2.174883333333333724e+00,9.192153618733334952e+03
0.000000000000000000e+00,0.000000000000000000e+00,2.217000000000000000e+03,2.167098645650116305e+04,2.213499999999999801e+00,9.787575303828571123e+03
0.000000000000000000e+00,0.000000000000000000e+00,2.218000000000000000e+03,2.069882180737540330e+04,2.182814285714285596e+00,9.482850884628571293e+03
0.000000000000000000e+00,0.000000000000000000e+00,2.219000000000000000e+03,1.900906149028907748e+04,2.216266666666666385e+00,8.579413004200001524e+03
0.000000000000000000e+00,0.000000000000000000e+00,2.220000000000000000e+03,2.008914418897182986e+04,2.182257142857142451e+00,9.205868311085712776e+03
0.000000000000000000e+00,0.000000000000000000e+00,2.221000000000000000e+03,2.035702122229080123e+04,2.185799999999999965e+00,9.313331444133333207e+03
0.000000000000000000e+00,0.000000000000000000e+00,2.222000000000000000e+03,2.034563092618202791e+04,2.196514285714285641e+00,9.262640903828569208e+03
0.000000000000000000e+00,0.000000000000000000e+00,2.223000000000000000e+03,1.930605276400976800e+04,2.213816666666666766e+00,8.720784399799998937e+03
0.000000000000000000e+00,0.000000000000000000e+00,2.224000000000000000e+03,1.748841751594730158e+04,2.225142857142857089e+00,7.857733659771429302e+03
0.000000000000000000e+00,0.000000000000000000e+00,2.225000000000000000e+03,1.922809585042590697e+04,2.183133333333333592e+00,8.811122329199999513e+03
0.000000000000000000e+00,0.000000000000000000e+00,2.226000000000000000e+03,2.069027208034890282e+04,2.175728571428571456e+00,9.509828763257142782e+03
0.000000000000000000e+00,0.000000000000000000e+00,2.227000000000000000e+03,1.984326615007635701e+04,2.227714285714285758e+00,8.910447416742857968e+03
0.000000000000000000e+00,0.000000000000000000e+00,2.228000000000000000e+03,1.972011195759649490e+04,2.161950000000000038e+00,9.121462452866666354e+03
0.000000000000000000e+00,0.000000000000000000e+00,2.229000000000000000e+03,1.896233198990296660e+04,2.203442857142856592e+00,8.607672753885713973e+03
0.000000000000000000e+00,0.000000000000000000e+00,2.230000000000000000e+03,1.883328599472549831e+04,2.222366666666666379e+00,8.466098258666666879e+03
0.000000000000000000e+00,0.000000000000000000e+00,2.231000000000000000e+03,1.866790127041369124e+04,2.179028571428571759e+00,8.563095512114286976e+03
0.000000000000000000e+00,0.000000000000000000e+00,2.232000000000000000e+03,2.023461943250342665e+04,2.174416666666666220e+00,9.305003578600000765e+03
0.000000000000000000e+00,0.000000000000000000e+00,2.233000000000000000e+03,1.808585439342673999e+04,2.164499999999999869e+00,8.356754110685713385e+03
0.000000000000000000e+00,0.000000000000000000e+00,2.234000000000000000e+03,1.921037598312346381e+04,2.236428571428571210e+00,8.592304361942857213e+03
0.000000000000000000e+00,0.000000000000000000e+00,2.235000000000000000e+03,1.977948485811847422e+04,2.175783333333333847e+00,9.090666301400000521e+03
0.000000000000000000e+00,0.000000000000000000e+00,2.236000000000000000e+03,1.852293076521220428e+04,2.157471428571428707e+00,8.584350668400000359e+03
0.000000000000000000e+00,0.000000000000000000e+00,2.237000000000000000e+03,1.790621364441176775e+04,2.157450000000000312e+00,8.293744797333332826e+03
0.000000000000000000e+00,0.000000000000000000e+00,2.238000000000000000e+03,1.566808125878390638e+04,2.137428571428571455e+00,7.320936679714286583e+03
0.000000000000000000e+00,0.000000000000000000e+00,2.239000000000000000e+03,1.894863103833342757e+04,2.167466666666666431e+00,8.743619046200001321e+03
0.000000000000000000e+00,0.000000000000000000e+00,2.240000000000000000e+03,1.934525116976043137e+04,2.142914285714285771e+00,9.027681203771429864e+03
0.000000000000000000e+00,0.000000000000000000e+00,2.241000000000000000e+03,1.998522609118950277e+04,2.154516666666666858e+00,9.275946272333332672e+03
0.000000000000000000e+00,0.000000000000000000e+00,2.242000000000000000e+03,2.065660762482844439e+04,2.197057142857143042e+00,9.406294826685712906e+03
0.000000000000000000e+00,0.000000000000000000e+00,2.243000000000000000e+03,2.069248986819640049e+04,2.200671428571428834e+00,9.404860630914286958e+03
0.000000000000000000e+00,0.000000000000000000e+00,2.244000000000000000e+03,2.021346418740388617e+04,2.227050000000000196e+00,9.081736948533332907e+03
0.000000000000000000e+00,0.000000000000000000e+00,2.245000000000000000e+03,1.994634576482972261e+04,2.200242857142856945e+00,9.075539285542856305e+03
0.000000000000000000e+00,0.000000000000000000e+00,2.246000000000000000e+03,1.802309673870321058e+04,2.228483333333333150e+00,8.098179393000001255e+03
0.000000000000000000e+00,0.000000000000000000e+00,2.247000000000000000e+03,1.963371525988741632e+04,2.243157142857142627e+00,8.764182882628570951e+03
0.000000000000000000e+00,0.000000000000000000e+00,2.248000000000000000e+03,1.664972890604152417e+04,2.137650000000000272e+00,7.770811709733333373e+03
0.000000000000000000e+00,0.000000000000000000e+00,2.249000000000000000e+03,1.941483078391048912e+04,2.134971428571428298e+00,9.085723950285713727e+03
0.000000000000000000e+00,0.000000000000000000e+00,2.250000000000000000e+03,2.100426865348265710e+04,2.174357142857142655e+00,9.659542866285713899e+03
0.000000000000000000e+00,0.000000000000000000e+00,2.251000000000000000e+03,1.891079226525031845e+04,2.195866666666666411e+00,8.614769523266666511e+03
0.000000000000000000e+00,0.000000000000000000e+00,2.252000000000000000e+03,2.036352027292996718e+04,2.248542857142857176e+00,9.062776817942856724e+03
0.000000000000000000e+00,0.000000000000000000e+00,2.253000000000000000e+03,2.148550271946957582e+04,2.191033333333333388e+00,9.805605081933332258e+03
0.000000000000000000e+00,0.000000000000000000e+00,2.254000000000000000e+03,2.029361004947049150e+04,2.204928571428571349e+00,9.206890058400000271e+03
0.000000000000000000e+00,0.000000000000000000e+00,2.255000000000000000e+03,2.199428261271903102e+04,2.178999999999999826e+00,1.009340583479999987e+04
0.000000000000000000e+00,0.000000000000000000e+00,2.256000000000000000e+03,2.278882587266197879e+04,2.196414285714285874e+00,1.036765593731428453e+04
0.000000000000000000e+00,0.000000000000000000e+00,2.257000000000000000e+03,1.568228921082273882e+04,2.030133333333333123e+00,7.718072206733334497e+03
0.000000000000000000e+00,0.000000000000000000e+00,2.258000000000000000e+03,1.711075060003744147e+04,2.194614285714286073e+00,7.794319709485715066e+03
0.000000000000000000e+00,0.000000000000000000e+00,2.259000000000000000e+03,1.513734278332633767e+04,1.986471428571428666e+00,7.577882694685714341e+03
0.000000000000000000e+00,0.000000000000000000e+00,2.260000000000000000e+03,2.389466510846128222e+04,2.231633333333333358e+00,1.070698853159999999e+04
0.000000000000000000e+00,0.000000000000000000e+00,2.261000000000000000e+03,2.314272975912750917e+04,2.229285714285714537e+00,1.038129017097142969e+04
0.000000000000000000e+00,0.000000000000000000e+00,2.262000000000000000e+03,2.298804784410394495e+04,2.194783333333333530e+00,1.047387938153333380e+04
0.000000000000000000e+00,0.000000000000000000e+00,2.263000000000000000e+03,2.248478054047283513e+04,2.194442857142857140e+00,1.024622736200000145e+04
0.000000000000000000e+00,0.000000000000000000e+00,2.264000000000000000e+03,2.306815425633489576e+04,2.228433333333333266e+00,1.035157513440000184e+04
0.000000000000000000e+00,0.000000000000000000e+00,2.265000000000000000e+03,2.273771255456591098e+04,2.200428571428571178e+00,1.033348833217142965e+04
0.000000000000000000e+00,0.000000000000000000e+00,2.266000000000000000e+03,2.311309825180509506e+04,2.223171428571428354e+00,1.039658825919999981e+04
0.000000000000000000e+00,0.000000000000000000e+00,2.267000000000000000e+03,2.290592672544370362e+04,2.253883333333333461e+00,1.016406419226666549e+04
0.000000000000000000e+00,0.000000000000000000e+00,2.268000000000000000e+03,2.341215972134881667e+04,2.282657142857142940e+00,1.025964131068571623e+04
0.000000000000000000e+00,0.000000000000000000e+00,2.269000000000000000e+03,2.276906277913492158e+04,2.217699999999999783e+00,1.026724661026666763e+04
0.000000000000000000e+00,0.000000000000000000e+00,2.270000000000000000e+03,2.251641980142154716e+04,2.217999999999999972e+00,1.015142514674285667e+04
0.000000000000000000e+00,0.000000000000000000e+00,2.271000000000000000e+03,2.397902982080661968e+04,2.199016666666666620e+00,1.090361474086666567e+04
0.000000000000000000e+00,0.000000000000000000e+00,2.272000000000000000e+03,2.467883688974150209e+04,2.200614285714285412e+00,1.121440324599999985e+04
0.000000000000000000e+00,0.000000000000000000e+00,2.273000000000000000e+03,2.232173115228749884e+04,2.199600000000000222e+00,1.014809196953333412e+04
0.000000000000000000e+00,0.000000000000000000e+00,2.274000000000000000e+03,2.285125446764806838e+04,2.251399999999999846e+00,1.015325773022857356e+04
0.000000000000000000e+00,0.000000000000000000e+00,2.275000000000000000e+03,2.217509523247516336e+04,2.243785714285714050e+00,9.886811340000000200e+03
0.000000000000000000e+00,0.000000000000000000e+00,2.276000000000000000e+03,2.236914495957901818e+04,2.215799999999999770e+00,1.009499157413333342e+04
0.000000000000000000e+00,0.000000000000000000e+00,2.277000000000000000e+03,2.000974976573379172e+04,2.209928571428571242e+00,9.046635085142857861e+03
0.000000000000000000e+00,0.000000000000000000e+00,2.278000000000000000e+03,2.266067823389058685e+04,2.238899999999999668e+00,1.012097035886666526e+04
0.000000000000000000e+00,0.000000000000000000e+00,2.279000000000000000e+03,2.174716373537303662e+04,2.219800000000000217e+00,9.798148982457143575e+03
0.000000000000000000e+00,0.000000000000000000e+00,2.280000000000000000e+03,2.135164334893498017e+04,2.210350000000000037e+00,9.655238716666666733e+03
0.000000000000000000e+00,0.000000000000000000e+00,2.281000000000000000e+03,2.422290395004853417e+04,2.230799999999999894e+00,1.085843210599999838e+04
0.000000000000000000e+00,0.000000000000000000e+00,2.282000000000000000e+03,2.404636590399812485e+04,2.226883333333333326e+00,1.079824509619999844e+04
0.000000000000000000e+00,0.000000000000000000e+00,2.283000000000000000e+03,2.422342106620681443e+04,2.239085714285713902e+00,1.081839648417142962e+04
0.000000000000000000e+00,0.000000000000000000e+00,2.284000000000000000e+03,2.413647450877510710e+04,2.226914285714285846e+00,1.083818932320000022e+04
0.000000000000000000e+00,0.000000000000000000e+00,2.285000000000000000e+03,2.380953354897853933e+04,2.224849999999999550e+00,1.070056355326666562e+04
0.000000000000000000e+00,0.000000000000000000e+00,2.286000000000000000e+03,2.470742596077258349e+04,2.284757142857142931e+00,1.081322213079999892e+04
0.000000000000000000e+00,0.000000000000000000e+00,2.287000000000000000e+03,2.353198473869715235e+04,2.234999999999999876e+00,1.052871315406666690e+04
0.000000000000000000e+00,0.000000000000000000e+00,2.288000000000000000e+03,2.298096221270610113e+04,2.266771428571428881e+00,1.014161074822857154e+04
0.000000000000000000e+00,0.000000000000000000e+00,2.289000000000000000e+03,2.316171759594309333e+04,2.229616666666666802e+00,1.038970396326666560e+04
0.000000000000000000e+00,0.000000000000000000e+00,2.290000000000000000e+03,2.338721477023186890e+04,2.229714285714285982e+00,1.048916419017142834e+04
0.000000000000000000e+00,0.000000000000000000e+00,2.291000000000000000e+03,2.349019731899037288e+04,2.212399999999999700e+00,1.061743097342857254e+04
0.000000000000000000e+00,0.000000000000000000e+00,2.292000000000000000e+03,2.429129700380879513e+04,2.245066666666666766e+00,1.081934089739999945e+04
0.000000000000000000e+00,0.000000000000000000e+00,2.293000000000000000e+03,2.346824041024501275e+04,2.300842857142857412e+00,1.020177666691428749e+04
0.000000000000000000e+00,0.000000000000000000e+00,2.294000000000000000e+03,2.236196311934482947e+04,2.204033333333333289e+00,1.014633672013333307e+04
0.000000000000000000e+00,0.000000000000000000e+00,2.295000000000000000e+03,2.314323418921489065e+04,2.207685714285714251e+00,1.048158544977142992e+04
0.000000000000000000e+00,0.000000000000000000e+00,2.296000000000000000e+03,2.327532580495913498e+04,2.233516666666666595e+00,1.042081726259999959e+04
0.000000000000000000e+00,0.000000000000000000e+00,2.297000000000000000e+03,2.344223322577948420e+04,2.229871428571428726e+00,1.051267375222857117e+04
0.000000000000000000e+00,0.000000000000000000e+00,2.298000000000000000e+03,2.357630517209265963e+04,2.215316666666666823e+00,1.064212632479999775e+04
0.000000000000000000e+00,0.000000000000000000e+00,2.299000000000000000e+03,2.338861370025413999e+04,2.235999999999999766e+00,1.045998346182857131e+04
0.000000000000000000e+00,0.000000000000000000e+00,2.300000000000000000e+03,2.321708048750972739e+04,2.222671428571428631e+00,1.044499002302857116e+04
0.000000000000000000e+00,0.000000000000000000e+00,2.301000000000000000e+03,2.337587283464207940e+04,2.280116666666666791e+00,1.025241721346666600e+04
0.000000000000000000e+00,0.000000000000000000e+00,2.302000000000000000e+03,2.384793135977794736e+04,2.265685714285714525e+00,1.052533310771428478e+04
0.000000000000000000e+00,0.000000000000000000e+00,2.303000000000000000e+03,2.395966444124991540e+04,2.242316666666666958e+00,1.068481005319999713e+04
0.000000000000000000e+00,0.000000000000000000e+00,2.304000000000000000e+03,2.300256116680934429e+04,2.230585714285714172e+00,1.031055994748571356e+04
0.000000000000000000e+00,0.000000000000000000e+00,2.305000000000000000e+03,2.210192304321951815e+04,2.235566666666666702e+00,9.885701322466664351e+03
0.000000000000000000e+00,0.000000000000000000e+00,2.306000000000000000e+03,2.275451656616475520e+04,2.266957142857143115e+00,1.003700819520000005e+04
0.000000000000000000e+00,0.000000000000000000e+00,2.307000000000000000e+03,2.410263770088693127e+04,2.337528571428571844e+00,1.031137547057142729e+04
0.000000000000000000e+00,0.000000000000000000e+00,2.308000000000000000e+03,2.343695245383197107e+04,2.249966666666666892e+00,1.041677636133333363e+04
0.000000000000000000e+00,0.000000000000000000e+00,2.309000000000000000e+03,2.335893424626727574e+04,2.283814285714285575e+00,1.022916699399999925e+04
0.000000000000000000e+00,0.000000000000000000e+00,2.310000000000000000e+03,2.438812971578757788e+04,2.271366666666666312e+00,1.073716132346666564e+04
0.000000000000000000e+00,0.000000000000000000e+00,2.311000000000000000e+03,2.350385111629643870e+04,2.300285714285714267e+00,1.021614205919999768e+04
0.000000000000000000e+00,0.000000000000000000e+00,2.312000000000000000e+03,2.271317657382512698e+04,2.262433333333333074e+00,1.003883999753333228e+04
0.000000000000000000e+00,0.000000000000000000e+00,2.313000000000000000e+03,2.275997231155868576e+04,2.279199999999999893e+00,9.983957012400000167e+03
0.000000000000000000e+00,0.000000000000000000e+00,2.314000000000000000e+03,2.402078729097488394e+04,2.287400000000000322e+00,1.049805917233333457e+04
0.000000000000000000e+00,0.000000000000000000e+00,2.315000000000000000e+03,2.385358014417318191e+04,2.292342857142856793e+00,1.040459819571428488e+04
0.000000000000000000e+00,0.000000000000000000e+00,2.316000000000000000e+03,2.470424568039335281e+04,2.345957142857142852e+00,1.053048871342856910e+04
0.000000000000000000e+00,0.000000000000000000e+00,2.317000000000000000e+03,2.373294407474289983e+04,2.269550000000000178e+00,1.045590037833333190e+04
0.000000000000000000e+00,0.000000000000000000e+00,2.318000000000000000e+03,2.247497685436983738e+04,2.230085714285714449e+00,1.007797651297143057e+04
0.000000000000000000e+00,0.000000000000000000e+00,2.319000000000000000e+03,2.318093733354412325e+04,2.231799999999999784e+00,1.038571227460000046e+04
0.000000000000000000e+00,0.000000000000000000e+00,2.320000000000000000e+03,2.316795913798134279e+04,2.240328571428571447e+00,1.034076242314285810e+04
0.000000000000000000e+00,0.000000000000000000e+00,2.321000000000000000e+03,2.371685222547467856e+04,2.261816666666666809e+00,1.048643406259999938e+04
0.000000000000000000e+00,0.000000000000000000e+00,2.322000000000000000e+03,2.359087061383171749e+04,2.234785714285714153e+00,1.055563400857143097e+04
0.000000000000000000e+00,0.000000000000000000e+00,2.323000000000000000e+03,2.412331184806144302e+04,2.229857142857142982e+00,1.081832618045714298e+04
0.000000000000000000e+00,0.000000000000000000e+00,2.324000000000000000e+03,2.483845389522420010e+04,2.267900000000000027e+00,1.095199072666666507e+04
0.000000000000000000e+00,0.000000000000000000e+00,2.325000000000000000e+03,2.451895700648511411e+04,2.241200000000000081e+00,1.093990942394285594e+04
0.000000000000000000e+00,0.000000000000000000e+00,2.326000000000000000e+03,2.497852245504322855e+04,2.264166666666666661e+00,1.103211977559999832e+04
0.000000000000000000e+00,0.000000000000000000e+00,2.327000000000000000e+03,2.410996606210756363e+04,2.211814285714285511e+00,1.090042217108571276e+04
0.000000000000000000e+00,0.000000000000000000e+00,2.328000000000000000e+03,2.453395960234389713e+04,2.244266666666666410e+00,1.093201041106666526e+04
0.000000000000000000e+00,0.000000000000000000e+00,2.329000000000000000e+03,2.425611702900786622e+04,2.219814285714285962e+00,1.092698291434285602e+04
0.000000000000000000e+00,0.000000000000000000e+00,2.330000000000000000e+03,2.448310940277268310e+04,2.227166666666666739e+00,1.099291373759999988e+04
0.000000000000000000e+00,0.000000000000000000e+00,2.331000000000000000e+03,2.505915778586377201e+04,2.241685714285714059e+00,1.117816871165714292e+04
0.000000000000000000e+00,0.000000000000000000e+00,2.332000000000000000e+03,2.519808446119432119e+04,2.244871428571428407e+00,1.122482694337142857e+04
0.000000000000000000e+00,0.000000000000000000e+00,2.333000000000000000e+03,2.552844239936857412e+04,2.255700000000000038e+00,1.131726851613333383e+04
0.000000000000000000e+00,0.000000000000000000e+00,2.334000000000000000e+03,2.597038910017503076e+04,2.274099999999999788e+00,1.141766534474285618e+04
0.000000000000000000e+00,0.000000000000000000e+00,2.335000000000000000e+03,3.012737547030957649e+04,2.504599999999999937e+00,1.203177531939999790e+04
0.000000000000000000e+00,0.000000000000000000e+00,2.336000000000000000e+03,1.852072237603392568e+04,2.241185714285714337e+00,8.249901838799998586e+03
0.000000000000000000e+00,0.000000000000000000e+00,2.337000000000000000e+03,2.046868112579830267e+04,2.256166666666666654e+00,9.054347402600000351e+03
0.000000000000000000e+00,0.000000000000000000e+00,2.338000000000000000e+03,2.307797259451309583e+04,2.281600000000000072e+00,1.011442664537142809e+04
0.000000000000000000e+00,0.000000000000000000e+00,2.339000000000000000e+03,2.339700358475583562e+04,2.284500000000000419e+00,1.024022811171428475e+04
0.000000000000000000e+00,0.000000000000000000e+00,2.340000000000000000e+03,2.242935653849616574e+04,2.216666666666666785e+00,1.011829100619999917e+04
0.000000000000000000e+00,0.000000000000000000e+00,2.341000000000000000e+03,2.211615367406485166e+04,2.201457142857143001e+00,1.004555243994285593e+04
0.000000000000000000e+00,0.000000000000000000e+00,2.342000000000000000e+03,2.289215238609215885e+04,2.225233333333333618e+00,1.028752220146666696e+04
0.000000000000000000e+00,0.000000000000000000e+00,2.343000000000000000e+03,2.270144223422640425e+04,2.213414285714285779e+00,1.025627141931428559e+04
0.000000000000000000e+00,0.000000000000000000e+00,2.344000000000000000e+03,2.253894837325857588e+04,2.247383333333333510e+00,1.002991611273333365e+04
0.000000000000000000e+00,0.000000000000000000e+00,2.345000000000000000e+03,2.473418880846064349e+04,2.322799999999999976e+00,1.064790997702857021e+04
0.000000000000000000e+00,0.000000000000000000e+00,2.346000000000000000e+03,2.635010779092870143e+04,2.273383333333333312e+00,1.158885645133333310e+04
0.000000000000000000e+00,0.000000000000000000e+00,2.347000000000000000e+03,2.697216992900742116e+04,2.248942857142857132e+00,1.199282471822857042e+04
0.000000000000000000e+00,0.000000000000000000e+00,2.348000000000000000e+03,2.435536104277610502e+04,2.266457142857142948e+00,1.074612426588571361e+04
0.000000000000000000e+00,0.000000000000000000e+00,2.349000000000000000e+03,2.465830822180862015e+04,2.265033333333333232e+00,1.088683871233333230e+04
0.000000000000000000e+00,0.000000000000000000e+00,2.350000000000000000e+03,2.201271282289197916e+04,2.328214285714285570e+00,9.461937873085713363e+03
0.000000000000000000e+00,0.000000000000000000e+00,2.351000000000000000e+03,2.233657623697076633e+04,2.338183333333333280e+00,9.555063735333333170e+03
0.000000000000000000e+00,0.000000000000000000e+00,2.352000000000000000e+03,2.259117632003047765e+04,2.309914285714285587e+00,9.790101550628573023e+03
0.000000000000000000e+00,0.000000000000000000e+00,2.353000000000000000e+03,2.180934054862065750e+04,2.214966666666667194e+00,9.845029842600000848e+03
0.000000000000000000e+00,0.000000000000000000e+00,2.354000000000000000e+03,2.165614727811105331e+04,2.209000000000000075e+00,9.804021686057141778e+03
0.000000000000000000e+00,0.000000000000000000e+00,2.355000000000000000e+03,3.077909215126950585e+04,2.398983333333333245e+00,1.279840920219999862e+04
0.000000000000000000e+00,0.000000000000000000e+00,2.356000000000000000e+03,2.973451610336049998e+04,2.417228571428571282e+00,1.229891771639999934e+04
0.000000000000000000e+00,0.000000000000000000e+00,2.357000000000000000e+03,2.233503680255392828e+04,2.238257142857142501e+00,9.978440514285714016e+03
0.000000000000000000e+00,0.000000000000000000e+00,2.358000000000000000e+03,2.288114382712221050e+04,2.242433333333333056e+00,1.020206725560000086e+04
0.000000000000000000e+00,0.000000000000000000e+00,2.359000000000000000e+03,2.308310469207139613e+04,2.267999999999999794e+00,1.017690789971428421e+04
0.000000000000000000e+00,0.000000000000000000e+00,2.360000000000000000e+03,2.189580567332542341e+04,2.247616666666667040e+00,9.741666978399998698e+03
0.000000000000000000e+00,0.000000000000000000e+00,2.361000000000000000e+03,1.919311601256739596e+04,2.227014285714285613e+00,8.618124572742857708e+03
0.000000000000000000e+00,0.000000000000000000e+00,2.362000000000000000e+03,2.082288622298150585e+04,2.261183333333333323e+00,9.208459393533334151e+03
0.000000000000000000e+00,0.000000000000000000e+00,2.363000000000000000e+03,1.839059615749043587e+04,2.285457142857142632e+00,8.043363586971428049e+03
0.000000000000000000e+00,0.000000000000000000e+00,2.364000000000000000e+03,1.994845496812181591e+04,2.237242857142857311e+00,8.907930543771426528e+03
0.000000000000000000e+00,0.000000000000000000e+00,2.365000000000000000e+03,2.066621828708449175e+04,2.310866666666666625e+00,8.943487818999999945e+03
0.000000000000000000e+00,0.000000000000000000e+00,2.366000000000000000e+03,1.988786734666669872e+04,2.340128571428571558e+00,8.496541329257142934e+03
0.000000000000000000e+00,0.000000000000000000e+00,2.367000000000000000e+03,1.926963170860107130e+04,2.355449999999999822e+00,8.177346062200001143e+03
0.000000000000000000e+00,0.000000000000000000e+00,2.368000000000000000e+03,1.619488028763997499e+04,2.253185714285714347e+00,7.185316127942857747e+03
0.000000000000000000e+00,0.000000000000000000e+00,2.369000000000000000e+03,1.597506162121945272e+04,2.268000000000000238e+00,7.043733821199999511e+03
0.000000000000000000e+00,0.000000000000000000e+00,2.370000000000000000e+03,1.634010511746527300e+04,2.282857142857142918e+00,7.156608777942856250e+03
0.000000000000000000e+00,0.000000000000000000e+00,2.371000000000000000e+03,1.595082233347966576e+04,2.278916666666666035e+00,6.999584650933332341e+03
0.000000000000000000e+00,0.000000000000000000e+00,2.372000000000000000e+03,1.793850243286220575e+04,2.276814285714285457e+00,7.880708913599999505e+03
0.000000000000000000e+00,0.000000000000000000e+00,2.373000000000000000e+03,1.937282459537093746e+04,2.266714285714285460e+00,8.540917033714285935e+03
0.000000000000000000e+00,0.000000000000000000e+00,2.374000000000000000e+03,2.174032361618464347e+04,2.313916666666666622e+00,9.396681184333332567e+03
0.000000000000000000e+00,0.000000000000000000e+00,2.375000000000000000e+03,2.306848090973242142e+04,2.332699999999999996e+00,9.889304778399999122e+03
0.000000000000000000e+00,0.000000000000000000e+00,2.376000000000000000e+03,2.292297553012311982e+04,2.324849999999999639e+00,9.858196947133334106e+03
0.000000000000000000e+00,0.000000000000000000e+00,2.377000000000000000e+03,2.271483647256278346e+04,2.310271428571428753e+00,9.831866643828572705e+03
0.000000000000000000e+00,0.000000000000000000e+00,2.378000000000000000e+03,2.216586961241366589e+04,2.280533333333333523e+00,9.721068771266667682e+03
0.000000000000000000e+00,0.000000000000000000e+00,2.379000000000000000e+03,2.242002400624839720e+04,2.226585714285714168e+00,1.006910887114285651e+04
0.000000000000000000e+00,0.000000000000000000e+00,2.380000000000000000e+03,2.106675092394853345e+04,2.181357142857142772e+00,9.657986810742859234e+03
0.000000000000000000e+00,0.000000000000000000e+00,2.381000000000000000e+03,2.147242290332485936e+04,2.188766666666666527e+00,9.810132641133332072e+03
0.000000000000000000e+00,0.000000000000000000e+00,2.382000000000000000e+03,2.128936910692533274e+04,2.211714285714285744e+00,9.625970499257144184e+03
0.000000000000000000e+00,0.000000000000000000e+00,2.383000000000000000e+03,2.126108206104139390e+04,2.203316666666666368e+00,9.649661288666666223e+03
0.000000000000000000e+00,0.000000000000000000e+00,2.384000000000000000e+03,2.116833768197995960e+04,2.194900000000000073e+00,9.644413506971428433e+03
0.000000000000000000e+00,0.000000000000000000e+00,2.385000000000000000e+03,2.165168932310337914e+04,2.210683333333333334e+00,9.793908887333333041e+03
0.000000000000000000e+00,0.000000000000000000e+00,2.386000000000000000e+03,2.462156304745129455e+04,2.263599999999999834e+00,1.085174387931428464e+04
0.000000000000000000e+00,0.000000000000000000e+00,2.387000000000000000e+03,2.470165833966563878e+04,2.328266666666666485e+00,1.058628095993333409e+04
0.000000000000000000e+00,0.000000000000000000e+00,2.388000000000000000e+03,2.303671856244680748e+04,2.249685714285714511e+00,1.024011562577143013e+04
0.000000000000000000e+00,0.000000000000000000e+00,2.389000000000000000e+03,2.286741069379311375e+04,2.239342857142857302e+00,1.021183478497142823e+04
0.000000000000000000e+00,0.000000000000000000e+00,2.390000000000000000e+03,2.228719930735046000e+04,2.235233333333333405e+00,9.970467291933331580e+03
0.000000000000000000e+00,0.000000000000000000e+00,2.391000000000000000e+03,2.136410023136396921e+04,2.219914285714285729e+00,9.622788084457142759e+03
0.000000000000000000e+00,0.000000000000000000e+00,2.392000000000000000e+03,1.886287843005566174e+04,2.258599999999999941e+00,8.362445586933332379e+03
0.000000000000000000e+00,0.000000000000000000e+00,2.393000000000000000e+03,1.610513688956758779e+04,2.267928571428571072e+00,7.102657707600000322e+03
0.000000000000000000e+00,0.000000000000000000e+00,2.394000000000000000e+03,1.613467948667280871e+04,2.283049999999999802e+00,7.067465230533333852e+03
0.000000000000000000e+00,0.000000000000000000e+00,2.395000000000000000e+03,1.659809570268010066e+04,2.237128571428571355e+00,7.418982239657142600e+03
0.000000000000000000e+00,0.000000000000000000e+00,2.396000000000000000e+03,1.787222355278852774e+04,2.245371428571428574e+00,7.958656985085714041e+03
0.000000000000000000e+00,0.000000000000000000e+00,2.397000000000000000e+03,1.844088168590872010e+04,2.263066666666666560e+00,8.145013384000000769e+03
0.000000000000000000e+00,0.000000000000000000e+00,2.398000000000000000e+03,1.996539232196340527e+04,2.310628571428571920e+00,8.638648570399998789e+03
0.000000000000000000e+00,0.000000000000000000e+00,2.399000000000000000e+03,2.071569328757407857e+04,2.296333333333333115e+00,9.020675048066666932e+03
0.000000000000000000e+00,0.000000000000000000e+00,2.400000000000000000e+03,2.014530864427490087e+04,2.279742857142857293e+00,8.836844114800000170e+03
0.000000000000000000e+00,0.000000000000000000e+00,2.401000000000000000e+03,2.040990788244774376e+04,2.285483333333333089e+00,8.930867521133333867e+03
0.000000000000000000e+00,0.000000000000000000e+00,2.402000000000000000e+03,2.143316016092671998e+04,2.270814285714286118e+00,9.437715900057142790e+03
0.000000000000000000e+00,0.000000000000000000e+00,2.403000000000000000e+03,2.117825580729734065e+04,2.302200000000000024e+00,9.196960049333332790e+03
0.000000000000000000e+00,0.000000000000000000e+00,2.404000000000000000e+03,2.321587649140820577e+04,2.299871428571428567e+00,1.009563680599999861e+04
0.000000000000000000e+00,0.000000000000000000e+00,2.405000000000000000e+03,2.384185334496028008e+04,2.287214285714285644e+00,1.042509407188571458e+04
0.000000000000000000e+00,0.000000000000000000e+00,2.406000000000000000e+03,2.394631233288302246e+04,2.262266666666666648e+00,1.058527483566666524e+04
0.000000000000000000e+00,0.000000000000000000e+00,2.407000000000000000e+03,2.005156864127522567e+04,2.247928571428571054e+00,8.917398110628571885e+03
0.000000000000000000e+00,0.000000000000000000e+00,2.408000000000000000e+03,2.053935242125750301e+04,2.233249999999999957e+00,9.202165648799998962e+03
0.000000000000000000e+00,0.000000000000000000e+00,2.409000000000000000e+03,2.304037166295741190e+04,2.233971428571428497e+00,1.031134266217142977e+04
0.000000000000000000e+00,0.000000000000000000e+00,2.410000000000000000e+03,2.248626586337063418e+04,2.248833333333333240e+00,9.996878053933332922e+03
0.000000000000000000e+00,0.000000000000000000e+00,2.411000000000000000e+03,1.810922187214600126e+04,2.244157142857142961e+00,8.059214731085715357e+03
0.000000000000000000e+00,0.000000000000000000e+00,2.412000000000000000e+03,1.878250913731698893e+04,2.166185714285714159e+00,8.674405039485713132e+03
0.000000000000000000e+00,0.000000000000000000e+00,2.413000000000000000e+03,1.917291413004679271e+04,2.203450000000000131e+00,8.701793804266666484e+03
0.000000000000000000e+00,0.000000000000000000e+00,2.414000000000000000e+03,1.856245665277249645e+04,2.195871428571428474e+00,8.452151564057141513e+03
0.000000000000000000e+00,0.000000000000000000e+00,2.415000000000000000e+03,2.192147660535862087e+04,2.227083333333333304e+00,9.842651233599999614e+03
0.000000000000000000e+00,0.000000000000000000e+00,2.416000000000000000e+03,2.197019404247250714e+04,2.211928571428571466e+00,9.932574371085716848e+03
0.000000000000000000e+00,0.000000000000000000e+00,2.417000000000000000e+03,2.200319157407149032e+04,2.237583333333333258e+00,9.833038372400000299e+03
0.000000000000000000e+00,0.000000000000000000e+00,2.418000000000000000e+03,2.153112020952450621e+04,2.201728571428571257e+00,9.779190414171429438e+03
0.000000000000000000e+00,0.000000000000000000e+00,2.419000000000000000e+03,2.141093037565718623e+04,2.206199999999999939e+00,9.705019995599999675e+03
0.000000000000000000e+00,0.000000000000000000e+00,2.420000000000000000e+03,2.159700494213525599e+04,2.211685714285714699e+00,9.764871891028571554e+03
0.000000000000000000e+00,0.000000000000000000e+00,2.421000000000000000e+03,2.086477761227353403e+04,2.176585714285713902e+00,9.585911442857144721e+03
0.000000000000000000e+00,0.000000000000000000e+00,2.422000000000000000e+03,2.140003898587296499e+04,2.213750000000000107e+00,9.666820081866666442e+03
0.000000000000000000e+00,0.000000000000000000e+00,2.423000000000000000e+03,2.059951625114175476e+04,2.187100000000000044e+00,9.418344883314284743e+03
0.000000000000000000e+00,0.000000000000000000e+00,2.424000000000000000e+03,2.039555220886937241e+04,2.183133333333333592e+00,9.342208304199999475e+03
0.000000000000000000e+00,0.000000000000000000e+00,2.425000000000000000e+03,2.066093116967995957e+04,2.189542857142857013e+00,9.434613162800000282e+03
0.000000000000000000e+00,0.000000000000000000e+00,2.426000000000000000e+03,2.149373389208642402e+04,2.205799999999999983e+00,9.744127608399998280e+03
0.000000000000000000e+00,0.000000000000000000e+00,2.427000000000000000e+03,2.128530306911242587e+04,2.287842857142856623e+00,9.306252641257142386e+03
0.000000000000000000e+00,0.000000000000000000e+00,2.428000000000000000e+03,1.950792472858427936e+04,2.278366666666666873e+00,8.562155785799999649e+03
0.000000000000000000e+00,0.000000000000000000e+00,2.429000000000000000e+03,1.931077719134192375e+04,2.310828571428571454e+00,8.356913465771429401e+03
0.000000000000000000e+00,0.000000000000000000e+00,2.430000000000000000e+03,2.068845375023822271e+04,2.300899999999999501e+00,8.992140332742857936e+03
0.000000000000000000e+00,0.000000000000000000e+00,2.431000000000000000e+03,1.959776468826143173e+04,2.273300000000000320e+00,8.620669567200000529e+03
0.000000000000000000e+00,0.000000000000000000e+00,2.432000000000000000e+03,2.013867870171178583e+04,2.254014285714286192e+00,8.934336618857141730e+03
0.000000000000000000e+00,0.000000000000000000e+00,2.433000000000000000e+03,2.060810327319506905e+04,2.242850000000000232e+00,9.191251387733333104e+03
0.000000000000000000e+00,0.000000000000000000e+00,2.434000000000000000e+03,2.135455009045094266e+04,2.194157142857142695e+00,9.732513434799999231e+03
0.000000000000000000e+00,0.000000000000000000e+00,2.435000000000000000e+03,2.414454438318970278e+04,2.264983333333333793e+00,1.065520047220000015e+04
0.000000000000000000e+00,0.000000000000000000e+00,2.436000000000000000e+03,2.311948480712758101e+04,2.248485714285714199e+00,1.028228848051428577e+04
0.000000000000000000e+00,0.000000000000000000e+00,2.437000000000000000e+03,2.314016178332354684e+04,2.256728571428571417e+00,1.025382016314285647e+04
0.000000000000000000e+00,0.000000000000000000e+00,2.438000000000000000e+03,2.181295254458051204e+04,2.225899999999999768e+00,9.796905387866667297e+03
0.000000000000000000e+00,0.000000000000000000e+00,2.439000000000000000e+03,2.195640909733697845e+04,2.215085714285714324e+00,9.911084869085714672e+03
0.000000000000000000e+00,0.000000000000000000e+00,2.440000000000000000e+03,2.625388380709713601e+04,2.308966666666667056e+00,1.132759222600000066e+04
0.000000000000000000e+00,0.000000000000000000e+00,2.441000000000000000e+03,2.755816736105142627e+04,2.405014285714285993e+00,1.140314059737142998e+04
0.000000000000000000e+00,0.000000000000000000e+00,2.442000000000000000e+03,2.352250517255828890e+04,2.302733333333333743e+00,1.021402591739999843e+04
0.000000000000000000e+00,0.000000000000000000e+00,2.443000000000000000e+03,2.192133990705090764e+04,2.242900000000000116e+00,9.771471066342857739e+03
0.000000000000000000e+00,0.000000000000000000e+00,2.444000000000000000e+03,2.121199451353883705e+04,2.234733333333333238e+00,9.491973182133333466e+03
0.000000000000000000e+00,0.000000000000000000e+00,2.445000000000000000e+03,2.140725938019538080e+04,2.212914285714285612e+00,9.673786398800000825e+03
0.000000000000000000e+00,0.000000000000000000e+00,2.446000000000000000e+03,2.189977548425735586e+04,2.247471428571428564e+00,9.743926071085716103e+03
0.000000000000000000e+00,0.000000000000000000e+00,2.447000000000000000e+03,2.244426814822530650e+04,2.276000000000000245e+00,9.861685573666667551e+03
0.000000000000000000e+00,0.000000000000000000e+00,2.448000000000000000e+03,2.073843028352101101e+04,2.215428571428571747e+00,9.359627221142856797e+03
0.000000000000000000e+00,0.000000000000000000e+00,2.449000000000000000e+03,2.070779746437740323e+04,2.211749999999999883e+00,9.360241988066665726e+03
0.000000000000000000e+00,0.000000000000000000e+00,2.450000000000000000e+03,2.102277383733316674e+04,2.255985714285714483e+00,9.298819195199999740e+03
