# Results/Pozo_Noruego_newinter.dat
# 7
# 0
# 1
# 2
# 3
# 4
# 5
# 6
0.000000000000000000e+00,0.000000000000000000e+00,2.154000000000000000e+03,3.442800000000000304e-01,1.945509931022719684e+04,2.171580000000000066e+00,8.960367740800000320e+03
0.000000000000000000e+00,0.000000000000000000e+00,2.155000000000000000e+03,3.066833333333333078e-01,1.964336580794027032e+04,2.178716666666666857e+00,9.016513849333334292e+03
0.000000000000000000e+00,0.000000000000000000e+00,2.156000000000000000e+03,3.162428571428571034e-01,1.912232964266068302e+04,2.165414285714285292e+00,8.830099645142856389e+03
0.000000000000000000e+00,0.000000000000000000e+00,2.157000000000000000e+03,3.212999999999999745e-01,1.805034673356033090e+04,2.124133333333333429e+00,8.497156877333334705e+03
0.000000000000000000e+00,0.000000000000000000e+00,2.158000000000000000e+03,3.515857142857142237e-01,1.613446224764885847e+04,2.105014285714285727e+00,7.666057613142856098e+03
0.000000000000000000e+00,0.000000000000000000e+00,2.159000000000000000e+03,3.512800000000000367e-01,1.785690760554176086e+04,2.098619999999999930e+00,8.508071138399998745e+03
0.000000000000000000e+00,0.000000000000000000e+00,2.160000000000000000e+03,3.256714285714285562e-01,1.840738190230954569e+04,2.166757142857143048e+00,8.496250740571427741e+03
0.000000000000000000e+00,0.000000000000000000e+00,2.161000000000000000e+03,3.366714285714285659e-01,1.745088035782823135e+04,2.092600000000000016e+00,8.339145373714285597e+03
0.000000000000000000e+00,0.000000000000000000e+00,2.162000000000000000e+03,3.008333333333333415e-01,1.727251962533653204e+04,2.101816666666666666e+00,8.217957393333332220e+03
0.000000000000000000e+00,0.000000000000000000e+00,2.163000000000000000e+03,3.155714285714285583e-01,1.645311125484600052e+04,2.075471428571428856e+00,7.927071869714284730e+03
0.000000000000000000e+00,0.000000000000000000e+00,2.164000000000000000e+03,3.154599999999999627e-01,1.410474895528896013e+04,2.096419999999999728e+00,6.727296803200000795e+03
0.000000000000000000e+00,0.000000000000000000e+00,2.165000000000000000e+03,3.582000000000000184e-01,1.398059941938266820e+04,2.100766666666666893e+00,6.654965217333333385e+03
0.000000000000000000e+00,0.000000000000000000e+00,2.167000000000000000e+03,3.498571428571428110e-01,1.857779609036497277e+04,2.044714285714285928e+00,9.082115026285713611e+03
0.000000000000000000e+00,0.000000000000000000e+00,2.168000000000000000e+03,3.209500000000000686e-01,1.938478109384753407e+04,2.107483333333333153e+00,9.197288133333333462e+03
0.000000000000000000e+00,0.000000000000000000e+00,2.169000000000000000e+03,3.066142857142857281e-01,1.962940591029319694e+04,2.133142857142857007e+00,9.202100032000000283e+03
0.000000000000000000e+00,0.000000000000000000e+00,2.170000000000000000e+03,3.028857142857142581e-01,1.974927207460885620e+04,2.130257142857142849e+00,9.270997671999999511e+03
0.000000000000000000e+00,0.000000000000000000e+00,2.171000000000000000e+03,3.077333333333333587e-01,1.990269940110333118e+04,2.112133333333332974e+00,9.422681841333333068e+03
0.000000000000000000e+00,0.000000000000000000e+00,2.172000000000000000e+03,3.233285714285713541e-01,2.031701550297537324e+04,2.137871428571428645e+00,9.503609227999999348e+03
0.000000000000000000e+00,0.000000000000000000e+00,2.173000000000000000e+03,3.162833333333333052e-01,1.930658697498486436e+04,2.123633333333333262e+00,9.090660833333333358e+03
0.000000000000000000e+00,0.000000000000000000e+00,2.174000000000000000e+03,3.252142857142857335e-01,2.077768221250485658e+04,2.191228571428571303e+00,9.481158908571427673e+03
0.000000000000000000e+00,0.000000000000000000e+00,2.175000000000000000e+03,2.979666666666666575e-01,2.052405953144179875e+04,2.143616666666666948e+00,9.574530052666666961e+03
0.000000000000000000e+00,0.000000000000000000e+00,2.176000000000000000e+03,2.963142857142856967e-01,2.037817787369896905e+04,2.128914285714285537e+00,9.572131914857143784e+03
0.000000000000000000e+00,0.000000000000000000e+00,2.177000000000000000e+03,3.094999999999999973e-01,2.028209278438502588e+04,2.125999999999999890e+00,9.540026551999999356e+03
0.000000000000000000e+00,0.000000000000000000e+00,2.178000000000000000e+03,3.167666666666666409e-01,2.002911387365253540e+04,2.122133333333333649e+00,9.438211150666667891e+03
0.000000000000000000e+00,0.000000000000000000e+00,2.179000000000000000e+03,3.158142857142857141e-01,2.030252059250028469e+04,2.172214285714285875e+00,9.348003673714285469e+03
0.000000000000000000e+00,0.000000000000000000e+00,2.180000000000000000e+03,3.063333333333333464e-01,2.029957866795920199e+04,2.136116666666666664e+00,9.503499866666667003e+03
0.000000000000000000e+00,0.000000000000000000e+00,2.181000000000000000e+03,3.021857142857142797e-01,2.018621928581651082e+04,2.132242857142857329e+00,9.467098165714285642e+03
0.000000000000000000e+00,0.000000000000000000e+00,2.182000000000000000e+03,3.365333333333332955e-01,2.077899056540886522e+04,2.179666666666666419e+00,9.533082107333333624e+03
0.000000000000000000e+00,0.000000000000000000e+00,2.183000000000000000e+03,3.150285714285713801e-01,2.049891985356571604e+04,2.155442857142857438e+00,9.510405253714287028e+03
0.000000000000000000e+00,0.000000000000000000e+00,2.184000000000000000e+03,3.015000000000000457e-01,1.849521659687753345e+04,2.139683333333333604e+00,8.642388727999999901e+03
0.000000000000000000e+00,0.000000000000000000e+00,2.185000000000000000e+03,3.390000000000000235e-01,1.702389717370169819e+04,2.070899999999999963e+00,8.220390682999999626e+03
0.000000000000000000e+00,0.000000000000000000e+00,2.186000000000000000e+03,3.196714285714285508e-01,1.964486785773211159e+04,2.137371428571428478e+00,9.189867185714285370e+03
0.000000000000000000e+00,0.000000000000000000e+00,2.187000000000000000e+03,3.367666666666667141e-01,1.945404701907366325e+04,2.183766666666666634e+00,8.908792935999998008e+03
0.000000000000000000e+00,0.000000000000000000e+00,2.188000000000000000e+03,3.332571428571428074e-01,2.027911799051405978e+04,2.180628571428571583e+00,9.298931681142857997e+03
0.000000000000000000e+00,0.000000000000000000e+00,2.189000000000000000e+03,3.270333333333333425e-01,2.060085335498406857e+04,2.177816666666667178e+00,9.458661719999998240e+03
0.000000000000000000e+00,0.000000000000000000e+00,2.190000000000000000e+03,2.956571428571428961e-01,2.098483068182577335e+04,2.173457142857142532e+00,9.655184036000000560e+03
0.000000000000000000e+00,0.000000000000000000e+00,2.191000000000000000e+03,3.172800000000000065e-01,1.981933029301120041e+04,2.173980000000000246e+00,9.120669583200000488e+03
0.000000000000000000e+00,0.000000000000000000e+00,2.192000000000000000e+03,3.134142857142857008e-01,2.129838671454423093e+04,2.175957142857142479e+00,9.788245532571427248e+03
0.000000000000000000e+00,0.000000000000000000e+00,2.193000000000000000e+03,2.942571428571428838e-01,2.149103982344628457e+04,2.182128571428571195e+00,9.848847334285714169e+03
0.000000000000000000e+00,0.000000000000000000e+00,2.194000000000000000e+03,3.199500000000000122e-01,2.188959447233926403e+04,2.270766666666666822e+00,9.639490684666669040e+03
0.000000000000000000e+00,0.000000000000000000e+00,2.195000000000000000e+03,3.337142857142856855e-01,2.066217351926977062e+04,2.233571428571428541e+00,9.250703333142857446e+03
0.000000000000000000e+00,0.000000000000000000e+00,2.196000000000000000e+03,3.265499999999999514e-01,2.029598197602433356e+04,2.185966666666666836e+00,9.283956990000000587e+03
0.000000000000000000e+00,0.000000000000000000e+00,2.197000000000000000e+03,3.261428571428571233e-01,1.892362426509851502e+04,2.146085714285714374e+00,8.818569836000000578e+03
0.000000000000000000e+00,0.000000000000000000e+00,2.198000000000000000e+03,3.533333333333333326e-01,2.006280479774027117e+04,2.175966666666667049e+00,9.224683147333331362e+03
0.000000000000000000e+00,0.000000000000000000e+00,2.199000000000000000e+03,3.309428571428571497e-01,1.982397746226377058e+04,2.202642857142857125e+00,8.997563092571428569e+03
0.000000000000000000e+00,0.000000000000000000e+00,2.200000000000000000e+03,3.533833333333333271e-01,1.676465876590913103e+04,2.032999999999999918e+00,8.239501576000000568e+03
0.000000000000000000e+00,0.000000000000000000e+00,2.201000000000000000e+03,3.515500000000000291e-01,1.508565145058860071e+04,1.835599999999999898e+00,8.217683990000001359e+03
0.000000000000000000e+00,0.000000000000000000e+00,2.202000000000000000e+03,3.991999999999999993e-01,1.910507908905279692e+04,2.175199999999999800e+00,8.783136763999998948e+03
0.000000000000000000e+00,0.000000000000000000e+00,2.203000000000000000e+03,3.600499999999999812e-01,1.641526540389739966e+04,2.025549999999999962e+00,8.104166925999999876e+03
0.000000000000000000e+00,0.000000000000000000e+00,2.204000000000000000e+03,3.472999999999999976e-01,1.873985463510839691e+04,2.180699999999999861e+00,8.593504211999999825e+03
0.000000000000000000e+00,0.000000000000000000e+00,2.205000000000000000e+03,3.231333333333333280e-01,1.863856456734393214e+04,2.200633333333333663e+00,8.470418031333332692e+03
0.000000000000000000e+00,0.000000000000000000e+00,2.206000000000000000e+03,3.558666666666667200e-01,1.998696552365986645e+04,2.233266666666666733e+00,8.949037906666666458e+03
0.000000000000000000e+00,0.000000000000000000e+00,2.207000000000000000e+03,3.324000000000000288e-01,2.047165067696506594e+04,2.173799999999999510e+00,9.417815262000000075e+03
0.000000000000000000e+00,0.000000000000000000e+00,2.208000000000000000e+03,3.285428571428571365e-01,1.831889417919297193e+04,2.126285714285714334e+00,8.611923785142857014e+03
0.000000000000000000e+00,0.000000000000000000e+00,2.210000000000000000e+03,3.349166666666666958e-01,2.309336472630173375e+04,2.233616666666666806e+00,1.034180916733333288e+04
0.000000000000000000e+00,0.000000000000000000e+00,2.211000000000000000e+03,3.266714285714286126e-01,2.058190310987697012e+04,2.226885714285714357e+00,9.246485110285715564e+03
0.000000000000000000e+00,0.000000000000000000e+00,2.212000000000000000e+03,3.724000000000000088e-01,1.987315630359190254e+04,2.206875000000000142e+00,9.004429421999999249e+03
0.000000000000000000e+00,0.000000000000000000e+00,2.213000000000000000e+03,3.441999999999999504e-01,2.041373872504314204e+04,2.248357142857142943e+00,9.079818438285714365e+03
0.000000000000000000e+00,0.000000000000000000e+00,2.214000000000000000e+03,3.437333333333332797e-01,1.963203476536419839e+04,2.226216666666667177e+00,8.821194508000000496e+03
0.000000000000000000e+00,0.000000000000000000e+00,2.215000000000000000e+03,3.332999999999999852e-01,2.134180576355268931e+04,2.191085714285713859e+00,9.742360641714287340e+03
0.000000000000000000e+00,0.000000000000000000e+00,2.216000000000000000e+03,3.118666666666666809e-01,2.092503532073846509e+04,2.231300000000000061e+00,9.381397938000000067e+03
0.000000000000000000e+00,0.000000000000000000e+00,2.217000000000000000e+03,3.268142857142857238e-01,1.975399474067674237e+04,2.202771428571428824e+00,8.965785813714286633e+03
0.000000000000000000e+00,0.000000000000000000e+00,2.218000000000000000e+03,3.640599999999999947e-01,1.844740593808600170e+04,2.175620000000000331e+00,8.480643315999999686e+03
0.000000000000000000e+00,0.000000000000000000e+00,2.219000000000000000e+03,3.782666666666665845e-01,1.897137812786273207e+04,2.152666666666666728e+00,8.811516029999998864e+03
0.000000000000000000e+00,0.000000000000000000e+00,2.220000000000000000e+03,3.421142857142857041e-01,1.847954592317896822e+04,2.180071428571428882e+00,8.475956401714283857e+03
0.000000000000000000e+00,0.000000000000000000e+00,2.221000000000000000e+03,3.696000000000000396e-01,1.811474139332000050e+04,2.163850000000000051e+00,8.370243050000000949e+03
0.000000000000000000e+00,0.000000000000000000e+00,2.222000000000000000e+03,3.246428571428571219e-01,2.047470248777388406e+04,2.186399999999999899e+00,9.367313760571427338e+03
0.000000000000000000e+00,0.000000000000000000e+00,2.223000000000000000e+03,3.249666666666666814e-01,1.929823854405280144e+04,2.148416666666666419e+00,8.980588651333333473e+03
0.000000000000000000e+00,0.000000000000000000e+00,2.224000000000000000e+03,3.305714285714285161e-01,1.890102906377554245e+04,2.105914285714285406e+00,8.974925296571429499e+03
0.000000000000000000e+00,0.000000000000000000e+00,2.225000000000000000e+03,3.304833333333333512e-01,2.072393064457433138e+04,2.134466666666666956e+00,9.708443005333332621e+03
0.000000000000000000e+00,0.000000000000000000e+00,2.226000000000000000e+03,2.993857142857142550e-01,2.228086479247771422e+04,2.189728571428571691e+00,1.017491596114285858e+04
0.000000000000000000e+00,0.000000000000000000e+00,2.227000000000000000e+03,2.868285714285714327e-01,2.356474215358428773e+04,2.253299999999999859e+00,1.046470787142857080e+04
0.000000000000000000e+00,0.000000000000000000e+00,2.228000000000000000e+03,2.873166666666666647e-01,2.170689423683406858e+04,2.196149999999999824e+00,9.880249659999999494e+03
0.000000000000000000e+00,0.000000000000000000e+00,2.229000000000000000e+03,2.907000000000000139e-01,2.143822736862543024e+04,2.168857142857143039e+00,9.884374144571427678e+03
0.000000000000000000e+00,0.000000000000000000e+00,2.230000000000000000e+03,3.077000000000000290e-01,1.962411482854033238e+04,2.141450000000000298e+00,9.162456548666667004e+03
0.000000000000000000e+00,0.000000000000000000e+00,2.231000000000000000e+03,3.386571428571428788e-01,1.903597524825879736e+04,2.152842857142857280e+00,8.841160762857143709e+03
0.000000000000000000e+00,0.000000000000000000e+00,2.232000000000000000e+03,3.283499999999999752e-01,1.944756790688033288e+04,2.183583333333333432e+00,8.904910608666665212e+03
0.000000000000000000e+00,0.000000000000000000e+00,2.233000000000000000e+03,3.537666666666667292e-01,1.693001940658999956e+04,2.161883333333333379e+00,7.829724659999999858e+03
0.000000000000000000e+00,0.000000000000000000e+00,2.234000000000000000e+03,3.869000000000000217e-01,1.634202366927020012e+04,2.145224999999999937e+00,7.618684627000000546e+03
0.000000000000000000e+00,0.000000000000000000e+00,2.235000000000000000e+03,3.913999999999999702e-01,1.616735169845759992e+04,2.163549999999999862e+00,7.472605225999999675e+03
0.000000000000000000e+00,0.000000000000000000e+00,2.236000000000000000e+03,3.572500000000000120e-01,1.860756602632573413e+04,2.095383333333333375e+00,8.879921543999998903e+03
0.000000000000000000e+00,0.000000000000000000e+00,2.237000000000000000e+03,3.358833333333333115e-01,1.873820725425953060e+04,2.102499999999999591e+00,8.912237818000001425e+03
0.000000000000000000e+00,0.000000000000000000e+00,2.238000000000000000e+03,3.232999999999999763e-01,1.946398843687085900e+04,2.116271428571428803e+00,9.198444238857142409e+03
0.000000000000000000e+00,0.000000000000000000e+00,2.239000000000000000e+03,3.310333333333333461e-01,1.830538915751346576e+04,2.151333333333333542e+00,8.509186624000001757e+03
0.000000000000000000e+00,0.000000000000000000e+00,2.240000000000000000e+03,3.435714285714285277e-01,2.006712707165686152e+04,2.153128571428571725e+00,9.322459990857141747e+03
0.000000000000000000e+00,0.000000000000000000e+00,2.241000000000000000e+03,3.155666666666666620e-01,1.993367177195446857e+04,2.125066666666666659e+00,9.380249644000001354e+03
0.000000000000000000e+00,0.000000000000000000e+00,2.242000000000000000e+03,3.334428571428572075e-01,2.040912667015239640e+04,2.129028571428571492e+00,9.583989808000000266e+03
0.000000000000000000e+00,0.000000000000000000e+00,2.243000000000000000e+03,3.332000000000000517e-01,2.030512588879663235e+04,2.167314285714285749e+00,9.367969928571428682e+03
0.000000000000000000e+00,0.000000000000000000e+00,2.244000000000000000e+03,3.240833333333333344e-01,1.977057975011260351e+04,2.118916666666666782e+00,9.330435556666665434e+03
0.000000000000000000e+00,0.000000000000000000e+00,2.245000000000000000e+03,3.345000000000000195e-01,1.816079329768079697e+04,2.136566666666666503e+00,8.499453465333333952e+03
0.000000000000000000e+00,0.000000000000000000e+00,2.246000000000000000e+03,3.532750000000000057e-01,1.836846681974629973e+04,2.241375000000000117e+00,8.194882152000000133e+03
0.000000000000000000e+00,0.000000000000000000e+00,2.247000000000000000e+03,3.796599999999999975e-01,1.962680498501312104e+04,2.338839999999999808e+00,8.393504205600000205e+03
0.000000000000000000e+00,0.000000000000000000e+00,2.248000000000000000e+03,3.878333333333333077e-01,1.868499753580266770e+04,2.265933333333333355e+00,8.245953894666665292e+03
0.000000000000000000e+00,0.000000000000000000e+00,2.249000000000000000e+03,3.744999999999999996e-01,2.052808998104584316e+04,2.227899999999999991e+00,9.214435990400001174e+03
0.000000000000000000e+00,0.000000000000000000e+00,2.250000000000000000e+03,3.284428571428571475e-01,2.026329558655817164e+04,2.139757142857142913e+00,9.470238398285713629e+03
0.000000000000000000e+00,0.000000000000000000e+00,2.251000000000000000e+03,3.249833333333333463e-01,2.049701712025273810e+04,2.117483333333333828e+00,9.679899697333334188e+03
0.000000000000000000e+00,0.000000000000000000e+00,2.252000000000000000e+03,3.767000000000000348e-01,1.970511870799159806e+04,2.226599999999999913e+00,8.864501596000000063e+03
0.000000000000000000e+00,0.000000000000000000e+00,2.253000000000000000e+03,3.274000000000000243e-01,2.205657339281820168e+04,2.149175000000000058e+00,1.026328773000000001e+04
0.000000000000000000e+00,0.000000000000000000e+00,2.254000000000000000e+03,3.244714285714285773e-01,2.394471200545085594e+04,2.144099999999999895e+00,1.116788562171428748e+04
0.000000000000000000e+00,0.000000000000000000e+00,2.255000000000000000e+03,3.143000000000000238e-01,2.250814778937706797e+04,2.150900000000000034e+00,1.046478598666666767e+04
0.000000000000000000e+00,0.000000000000000000e+00,2.256000000000000000e+03,3.037857142857142700e-01,2.247964787907874415e+04,2.154328571428571593e+00,1.043475848914285780e+04
0.000000000000000000e+00,0.000000000000000000e+00,2.257000000000000000e+03,3.135833333333332695e-01,2.217865403430132938e+04,2.145566666666666844e+00,1.033743471400000089e+04
0.000000000000000000e+00,0.000000000000000000e+00,2.258000000000000000e+03,3.327571428571428624e-01,2.146512007196068225e+04,2.227671428571428969e+00,9.629124792571426951e+03
0.000000000000000000e+00,0.000000000000000000e+00,2.259000000000000000e+03,3.014999999999999902e-01,2.334477158505291663e+04,2.190257142857142902e+00,1.065490285314285757e+04
0.000000000000000000e+00,0.000000000000000000e+00,2.260000000000000000e+03,3.179666666666666752e-01,1.987021014481433303e+04,2.116633333333333145e+00,9.387248769333333257e+03
0.000000000000000000e+00,0.000000000000000000e+00,2.261000000000000000e+03,3.671666666666666412e-01,2.124642851234413683e+04,2.153999999999999915e+00,9.864392266666667638e+03
0.000000000000000000e+00,0.000000000000000000e+00,2.262000000000000000e+03,2.972333333333332939e-01,2.180304537180066473e+04,2.245033333333333214e+00,9.712215971333333073e+03
0.000000000000000000e+00,0.000000000000000000e+00,2.263000000000000000e+03,3.034428571428571253e-01,2.185698872904491509e+04,2.176771428571428579e+00,1.004068273600000066e+04
0.000000000000000000e+00,0.000000000000000000e+00,2.264000000000000000e+03,2.790999999999999592e-01,2.313074960829420525e+04,2.206466666666666576e+00,1.048332273266666743e+04
0.000000000000000000e+00,0.000000000000000000e+00,2.265000000000000000e+03,2.795142857142857151e-01,2.302559749816142721e+04,2.196471428571428408e+00,1.048317431371428574e+04
0.000000000000000000e+00,0.000000000000000000e+00,2.266000000000000000e+03,3.046571428571428486e-01,2.212243720491834029e+04,2.174271428571428633e+00,1.017454100800000015e+04
0.000000000000000000e+00,0.000000000000000000e+00,2.267000000000000000e+03,2.750666666666666260e-01,2.279095602239893560e+04,2.188050000000000050e+00,1.041595615133333376e+04
0.000000000000000000e+00,0.000000000000000000e+00,2.268000000000000000e+03,3.016571428571429014e-01,2.282321288819805704e+04,2.183357142857142996e+00,1.045327180057142687e+04
0.000000000000000000e+00,0.000000000000000000e+00,2.269000000000000000e+03,2.874666666666667036e-01,2.281995169261813498e+04,2.184299999999999908e+00,1.044723349266666628e+04
0.000000000000000000e+00,0.000000000000000000e+00,2.270000000000000000e+03,2.883857142857143008e-01,2.300192396440800076e+04,2.190328571428571625e+00,1.050323430685714447e+04
0.000000000000000000e+00,0.000000000000000000e+00,2.271000000000000000e+03,2.900999999999999690e-01,2.163425737974153526e+04,2.212516666666666243e+00,9.775481502666665619e+03
0.000000000000000000e+00,0.000000000000000000e+00,2.272000000000000000e+03,3.303428571428570493e-01,2.173356294238063128e+04,2.184800000000000075e+00,9.947413141714287121e+03
0.000000000000000000e+00,0.000000000000000000e+00,2.273000000000000000e+03,2.850500000000000256e-01,2.169141684132566661e+04,2.183149999999999924e+00,9.936844149999998990e+03
0.000000000000000000e+00,0.000000000000000000e+00,2.274000000000000000e+03,3.084000000000000630e-01,2.164264269668902853e+04,2.249557142857143255e+00,9.620828954285712825e+03
0.000000000000000000e+00,0.000000000000000000e+00,2.275000000000000000e+03,2.990428571428572213e-01,2.247575233152251894e+04,2.181842857142857195e+00,1.030296245942857058e+04
0.000000000000000000e+00,0.000000000000000000e+00,2.276000000000000000e+03,2.791833333333332834e-01,2.338907100216853360e+04,2.183233333333333359e+00,1.071281749066666634e+04
0.000000000000000000e+00,0.000000000000000000e+00,2.277000000000000000e+03,2.777000000000000024e-01,2.292897522754045713e+04,2.202071428571428680e+00,1.041272999199999867e+04
0.000000000000000000e+00,0.000000000000000000e+00,2.278000000000000000e+03,3.153833333333332933e-01,2.324995676433980043e+04,2.253150000000000208e+00,1.031692946399999892e+04
0.000000000000000000e+00,0.000000000000000000e+00,2.279000000000000000e+03,2.945857142857142841e-01,2.359685148625783040e+04,2.199028571428571333e+00,1.073054964971428490e+04
0.000000000000000000e+00,0.000000000000000000e+00,2.280000000000000000e+03,2.958166666666666722e-01,2.383078284919919679e+04,2.218299999999999716e+00,1.074261845400000129e+04
0.000000000000000000e+00,0.000000000000000000e+00,2.281000000000000000e+03,2.843000000000000527e-01,2.385980962178160189e+04,2.241014285714285847e+00,1.064641953828571422e+04
0.000000000000000000e+00,0.000000000000000000e+00,2.282000000000000000e+03,2.773499999999999854e-01,2.376562241404320230e+04,2.211399999999999810e+00,1.074715694933333543e+04
0.000000000000000000e+00,0.000000000000000000e+00,2.283000000000000000e+03,2.661428571428571255e-01,2.424559414856239891e+04,2.229314285714285582e+00,1.087593773085714201e+04
0.000000000000000000e+00,0.000000000000000000e+00,2.284000000000000000e+03,2.686857142857142500e-01,2.429233211874942572e+04,2.255685714285714738e+00,1.076902921599999900e+04
0.000000000000000000e+00,0.000000000000000000e+00,2.285000000000000000e+03,2.642333333333333201e-01,2.394995558376513145e+04,2.220433333333333259e+00,1.078592554200000086e+04
0.000000000000000000e+00,0.000000000000000000e+00,2.286000000000000000e+03,2.738857142857142324e-01,2.347084649534902564e+04,2.257328571428571351e+00,1.040485597600000074e+04
0.000000000000000000e+00,0.000000000000000000e+00,2.287000000000000000e+03,3.472500000000000031e-01,2.362421390667472951e+04,2.306316666666666571e+00,1.024748501733333251e+04
0.000000000000000000e+00,0.000000000000000000e+00,2.288000000000000000e+03,2.850000000000000311e-01,2.371231027322960290e+04,2.217014285714285382e+00,1.069553839999999946e+04
0.000000000000000000e+00,0.000000000000000000e+00,2.289000000000000000e+03,2.725833333333333441e-01,2.399749321651993159e+04,2.223433333333333373e+00,1.079363551600000028e+04
0.000000000000000000e+00,0.000000000000000000e+00,2.290000000000000000e+03,2.592857142857142860e-01,2.320213992507062358e+04,2.208999999999999631e+00,1.050304683028571344e+04
0.000000000000000000e+00,0.000000000000000000e+00,2.291000000000000000e+03,2.837571428571428744e-01,2.303633869179348767e+04,2.187799999999999745e+00,1.052943415771428590e+04
0.000000000000000000e+00,0.000000000000000000e+00,2.292000000000000000e+03,3.075499999999999901e-01,2.314504236356346519e+04,2.263866666666666916e+00,1.022703444800000034e+04
0.000000000000000000e+00,0.000000000000000000e+00,2.293000000000000000e+03,3.110428571428571209e-01,2.339665727756439810e+04,2.247214285714286053e+00,1.041272999199999867e+04
0.000000000000000000e+00,0.000000000000000000e+00,2.294000000000000000e+03,2.831333333333333480e-01,2.307940649094693072e+04,2.205699999999999772e+00,1.046352833133333297e+04
0.000000000000000000e+00,0.000000000000000000e+00,2.295000000000000000e+03,2.803714285714285492e-01,2.317488854624583109e+04,2.197685714285714020e+00,1.054518218971428905e+04
0.000000000000000000e+00,0.000000000000000000e+00,2.296000000000000000e+03,2.806666666666666754e-01,2.319633543169653785e+04,2.202150000000000052e+00,1.053351958466666656e+04
0.000000000000000000e+00,0.000000000000000000e+00,2.297000000000000000e+03,2.860999999999999654e-01,2.287147253072474632e+04,2.205428571428571516e+00,1.037050089428571300e+04
0.000000000000000000e+00,0.000000000000000000e+00,2.298000000000000000e+03,3.151166666666666560e-01,2.141113419346773298e+04,2.168266666666666787e+00,9.874016063999997641e+03
0.000000000000000000e+00,0.000000000000000000e+00,2.299000000000000000e+03,3.031571428571427917e-01,2.353293777498874260e+04,2.289071428571428424e+00,1.028032466342857333e+04
0.000000000000000000e+00,0.000000000000000000e+00,2.300000000000000000e+03,2.801142857142857046e-01,2.231996999151685668e+04,2.180757142857142838e+00,1.023523654800000077e+04
0.000000000000000000e+00,0.000000000000000000e+00,2.301000000000000000e+03,3.055333333333333234e-01,2.258120739910779594e+04,2.236949999999999772e+00,1.009437915066666756e+04
0.000000000000000000e+00,0.000000000000000000e+00,2.302000000000000000e+03,3.120142857142856885e-01,2.203253651306514075e+04,2.194671428571428606e+00,1.003908918514285688e+04
0.000000000000000000e+00,0.000000000000000000e+00,2.303000000000000000e+03,3.412833333333333274e-01,2.162360012327626464e+04,2.210599999999999898e+00,9.778324897333332046e+03
0.000000000000000000e+00,0.000000000000000000e+00,2.304000000000000000e+03,3.037142857142857144e-01,2.360775551266599723e+04,2.244642857142856940e+00,1.051921668457142732e+04
0.000000000000000000e+00,0.000000000000000000e+00,2.305000000000000000e+03,2.699000000000000288e-01,2.343349161273259961e+04,2.188733333333332975e+00,1.070636517199999980e+04
0.000000000000000000e+00,0.000000000000000000e+00,2.306000000000000000e+03,2.897571428571428243e-01,2.316324574028645657e+04,2.188200000000000589e+00,1.058548965257142845e+04
0.000000000000000000e+00,0.000000000000000000e+00,2.307000000000000000e+03,2.782428571428571251e-01,2.312642341533611034e+04,2.191814285714285937e+00,1.055122830914285441e+04
0.000000000000000000e+00,0.000000000000000000e+00,2.308000000000000000e+03,2.837166666666666726e-01,2.300794878962266375e+04,2.196100000000000385e+00,1.047670637199999874e+04
0.000000000000000000e+00,0.000000000000000000e+00,2.309000000000000000e+03,2.902285714285714469e-01,2.304863631123462619e+04,2.202700000000000102e+00,1.046320805885714253e+04
0.000000000000000000e+00,0.000000000000000000e+00,2.310000000000000000e+03,2.802833333333333288e-01,2.326619580685419714e+04,2.183516666666666772e+00,1.065534811000000082e+04
0.000000000000000000e+00,0.000000000000000000e+00,2.311000000000000000e+03,2.911142857142857143e-01,2.335805999473948032e+04,2.184728571428571353e+00,1.069160139200000049e+04
0.000000000000000000e+00,0.000000000000000000e+00,2.312000000000000000e+03,2.747499999999999942e-01,2.339891509697173387e+04,2.175983333333333380e+00,1.075333586466666566e+04
0.000000000000000000e+00,0.000000000000000000e+00,2.313000000000000000e+03,2.804142857142857825e-01,2.398684137968988580e+04,2.196857142857143064e+00,1.091863551999999800e+04
0.000000000000000000e+00,0.000000000000000000e+00,2.314000000000000000e+03,2.692333333333333245e-01,2.390577047189626683e+04,2.199083333333333279e+00,1.087078993666666793e+04
0.000000000000000000e+00,0.000000000000000000e+00,2.315000000000000000e+03,2.690285714285714502e-01,2.384812610528474397e+04,2.194314285714285440e+00,1.086815745314285778e+04
0.000000000000000000e+00,0.000000000000000000e+00,2.316000000000000000e+03,2.725428571428571423e-01,2.410177147804331253e+04,2.206571428571428406e+00,1.092266626628571430e+04
0.000000000000000000e+00,0.000000000000000000e+00,2.317000000000000000e+03,2.831166666666666831e-01,2.385726749571600158e+04,2.195133333333333159e+00,1.086821994533333236e+04
0.000000000000000000e+00,0.000000000000000000e+00,2.318000000000000000e+03,2.785857142857142699e-01,2.388245117199994274e+04,2.195428571428571285e+00,1.087818744971428532e+04
0.000000000000000000e+00,0.000000000000000000e+00,2.319000000000000000e+03,2.777166666666666672e-01,2.373938632396480170e+04,2.196099999999999941e+00,1.080982099333333281e+04
0.000000000000000000e+00,0.000000000000000000e+00,2.320000000000000000e+03,2.834285714285714186e-01,2.375618141730314164e+04,2.205785714285714239e+00,1.077001346799999919e+04
0.000000000000000000e+00,0.000000000000000000e+00,2.321000000000000000e+03,2.719333333333333602e-01,2.395049626619713308e+04,2.188733333333333420e+00,1.094214820666666674e+04
0.000000000000000000e+00,0.000000000000000000e+00,2.322000000000000000e+03,2.821571428571428286e-01,2.350026530487685886e+04,2.203385714285714059e+00,1.066512032628571615e+04
0.000000000000000000e+00,0.000000000000000000e+00,2.323000000000000000e+03,2.873714285714285555e-01,2.301892291977011337e+04,2.217414285714285782e+00,1.038057776000000013e+04
0.000000000000000000e+00,0.000000000000000000e+00,2.324000000000000000e+03,3.367999999999999883e-01,2.256438591453626577e+04,2.281033333333333690e+00,9.890310902666666152e+03
0.000000000000000000e+00,0.000000000000000000e+00,2.325000000000000000e+03,3.022285714285714020e-01,2.296214740707965757e+04,2.213342857142857500e+00,1.037396921085714348e+04
0.000000000000000000e+00,0.000000000000000000e+00,2.326000000000000000e+03,3.225166666666666182e-01,2.139567378724246737e+04,2.219333333333333602e+00,9.638342390666666688e+03
0.000000000000000000e+00,0.000000000000000000e+00,2.327000000000000000e+03,3.321999999999999953e-01,2.152245079534569959e+04,2.316399999999999793e+00,9.291913027000000511e+03
0.000000000000000000e+00,0.000000000000000000e+00,2.328000000000000000e+03,3.232999999999999763e-01,2.300335535662353504e+04,2.260599999999999721e+00,1.017497845333333498e+04
0.000000000000000000e+00,0.000000000000000000e+00,2.329000000000000000e+03,2.775857142857142690e-01,2.232390531691462820e+04,2.169442857142857228e+00,1.029012031428571390e+04
0.000000000000000000e+00,0.000000000000000000e+00,2.330000000000000000e+03,2.711500000000000021e-01,2.280759846059553456e+04,2.181783333333333186e+00,1.045363113066666665e+04
0.000000000000000000e+00,0.000000000000000000e+00,2.331000000000000000e+03,2.701999999999999957e-01,2.351053185938611205e+04,2.203928571428571903e+00,1.066746378342857133e+04
0.000000000000000000e+00,0.000000000000000000e+00,2.332000000000000000e+03,2.617428571428571660e-01,2.367568923718708902e+04,2.238742857142857368e+00,1.057639703885714334e+04
0.000000000000000000e+00,0.000000000000000000e+00,2.333000000000000000e+03,3.063166666666666260e-01,2.337258646533306455e+04,2.312550000000000328e+00,1.010586209066666743e+04
0.000000000000000000e+00,0.000000000000000000e+00,2.334000000000000000e+03,2.898285714285714354e-01,2.370382378533148585e+04,2.230028571428571471e+00,1.063006220742857295e+04
0.000000000000000000e+00,0.000000000000000000e+00,2.335000000000000000e+03,2.741499999999999493e-01,2.327867077991306724e+04,2.212249999999999606e+00,1.052263813200000004e+04
0.000000000000000000e+00,0.000000000000000000e+00,2.336000000000000000e+03,2.747571428571428109e-01,2.379792604274845871e+04,2.194228571428571417e+00,1.084500409657142882e+04
0.000000000000000000e+00,0.000000000000000000e+00,2.337000000000000000e+03,2.485500000000000209e-01,2.563534031617513392e+04,2.304450000000000109e+00,1.113615521199999966e+04
0.000000000000000000e+00,0.000000000000000000e+00,2.338000000000000000e+03,2.848000000000000531e-01,2.323036411982457139e+04,2.208842857142857330e+00,1.051692009657142989e+04
0.000000000000000000e+00,0.000000000000000000e+00,2.339000000000000000e+03,3.007571428571428895e-01,2.308345275404354106e+04,2.298314285714285976e+00,1.004977534971428577e+04
0.000000000000000000e+00,0.000000000000000000e+00,2.340000000000000000e+03,3.557000000000000162e-01,2.211106227251460223e+04,2.212699999999999889e+00,9.991306093999999575e+03
0.000000000000000000e+00,0.000000000000000000e+00,2.341000000000000000e+03,3.206999999999999851e-01,2.192276013159954528e+04,2.255928571428571505e+00,9.716816958857143618e+03
0.000000000000000000e+00,0.000000000000000000e+00,2.342000000000000000e+03,3.223000000000000309e-01,2.352528574296660008e+04,2.319266666666667032e+00,1.014550557400000071e+04
0.000000000000000000e+00,0.000000000000000000e+00,2.343000000000000000e+03,2.762857142857143011e-01,2.354929690093405225e+04,2.226285714285714423e+00,1.057756876742857276e+04
0.000000000000000000e+00,0.000000000000000000e+00,2.344000000000000000e+03,2.736833333333333340e-01,2.299887470249939724e+04,2.215233333333333388e+00,1.038199945733333334e+04
0.000000000000000000e+00,0.000000000000000000e+00,2.345000000000000000e+03,2.942714285714285727e-01,2.276308625054097138e+04,2.188157142857142912e+00,1.040293434114285628e+04
0.000000000000000000e+00,0.000000000000000000e+00,2.346000000000000000e+03,2.899833333333333152e-01,2.283486221912326073e+04,2.184749999999999748e+00,1.045199071066666693e+04
0.000000000000000000e+00,0.000000000000000000e+00,2.347000000000000000e+03,2.831571428571428295e-01,2.313938455654576683e+04,2.198399999999999910e+00,1.052404420628571461e+04
0.000000000000000000e+00,0.000000000000000000e+00,2.348000000000000000e+03,2.224142857142857310e-01,2.318299615805382928e+04,2.323942857142856866e+00,9.972019441714286586e+03
0.000000000000000000e+00,0.000000000000000000e+00,2.349000000000000000e+03,2.928833333333333289e-01,2.286462942808106527e+04,2.200450000000000017e+00,1.039014687666666578e+04
0.000000000000000000e+00,0.000000000000000000e+00,2.350000000000000000e+03,2.838142857142856856e-01,2.227160220312993988e+04,2.246357142857143163e+00,9.910995817714285295e+03
0.000000000000000000e+00,0.000000000000000000e+00,2.351000000000000000e+03,3.258500000000000285e-01,2.186989916877813448e+04,2.233466666666666711e+00,9.791831022000000303e+03
0.000000000000000000e+00,0.000000000000000000e+00,2.352000000000000000e+03,2.892571428571428238e-01,2.167279687838137033e+04,2.175785714285713990e+00,9.960864585714285568e+03
0.000000000000000000e+00,0.000000000000000000e+00,2.353000000000000000e+03,2.779999999999999694e-01,2.195722598697066496e+04,2.188600000000000545e+00,1.003253531666666640e+04
0.000000000000000000e+00,0.000000000000000000e+00,2.354000000000000000e+03,2.952857142857142625e-01,2.194112264156097081e+04,2.191628571428571259e+00,1.001134265257142943e+04
0.000000000000000000e+00,0.000000000000000000e+00,2.355000000000000000e+03,2.896333333333333537e-01,2.188934633694199511e+04,2.181916666666666504e+00,1.003215255199999956e+04
0.000000000000000000e+00,0.000000000000000000e+00,2.356000000000000000e+03,2.994285714285714328e-01,2.183893466022571738e+04,2.191057142857142814e+00,9.967473134857140394e+03
0.000000000000000000e+00,0.000000000000000000e+00,2.357000000000000000e+03,2.959142857142857408e-01,2.197335299504828799e+04,2.199557142857142988e+00,9.990110930857143103e+03
0.000000000000000000e+00,0.000000000000000000e+00,2.358000000000000000e+03,2.784166666666666456e-01,2.231689136374680311e+04,2.207433333333332914e+00,1.010985377933333257e+04
0.000000000000000000e+00,0.000000000000000000e+00,2.359000000000000000e+03,2.760142857142857120e-01,2.206798802807285028e+04,2.200742857142857112e+00,1.002751250685714149e+04
0.000000000000000000e+00,0.000000000000000000e+00,2.360000000000000000e+03,2.748999999999999777e-01,2.236781065124673114e+04,2.196633333333333216e+00,1.018328991466666594e+04
0.000000000000000000e+00,0.000000000000000000e+00,2.361000000000000000e+03,3.212249999999999828e-01,2.009723446036870155e+04,2.244074999999999598e+00,8.955955010999998194e+03
0.000000000000000000e+00,0.000000000000000000e+00,2.362000000000000000e+03,3.096333333333333160e-01,2.331273406840466487e+04,2.222499999999999698e+00,1.049496971466666582e+04
0.000000000000000000e+00,0.000000000000000000e+00,2.363000000000000000e+03,2.729571428571428426e-01,2.330102552534782808e+04,2.232171428571428251e+00,1.044361675714285593e+04
0.000000000000000000e+00,0.000000000000000000e+00,2.364000000000000000e+03,2.643142857142857238e-01,2.322114580306914650e+04,2.283442857142857108e+00,1.016394858171428496e+04
0.000000000000000000e+00,0.000000000000000000e+00,2.365000000000000000e+03,2.927833333333333399e-01,2.255739374458373277e+04,2.174483333333333324e+00,1.037368799599999875e+04
0.000000000000000000e+00,0.000000000000000000e+00,2.366000000000000000e+03,2.966857142857142748e-01,2.315051623106771513e+04,2.219985714285714007e+00,1.043293059257142704e+04
0.000000000000000000e+00,0.000000000000000000e+00,2.367000000000000000e+03,2.943333333333333357e-01,2.149166129578213440e+04,2.178333333333333233e+00,9.866306089999998221e+03
0.000000000000000000e+00,0.000000000000000000e+00,2.368000000000000000e+03,3.043714285714286261e-01,2.179866255076302696e+04,2.171428571428571264e+00,1.003871423200000027e+04
0.000000000000000000e+00,0.000000000000000000e+00,2.369000000000000000e+03,2.785500000000000198e-01,2.187550311143340150e+04,2.195416666666666572e+00,9.964512567333333209e+03
0.000000000000000000e+00,0.000000000000000000e+00,2.370000000000000000e+03,3.185142857142856943e-01,2.314874931593805013e+04,2.290528571428571691e+00,1.010428416285714229e+04
0.000000000000000000e+00,0.000000000000000000e+00,2.371000000000000000e+03,2.929666666666666530e-01,2.318309072982913131e+04,2.239433333333332943e+00,1.035176104866666719e+04
0.000000000000000000e+00,0.000000000000000000e+00,2.372000000000000000e+03,2.848857142857142977e-01,2.253933790254862834e+04,2.206871428571428595e+00,1.021316118171428570e+04
0.000000000000000000e+00,0.000000000000000000e+00,2.373000000000000000e+03,2.896571428571428908e-01,2.284170212763486052e+04,2.236185714285714443e+00,1.021442664857142881e+04
0.000000000000000000e+00,0.000000000000000000e+00,2.374000000000000000e+03,3.023000000000000131e-01,2.249708418447359873e+04,2.208616666666666450e+00,1.018722692266666672e+04
0.000000000000000000e+00,0.000000000000000000e+00,2.375000000000000000e+03,2.878857142857142448e-01,2.250200364469851047e+04,2.212828571428571589e+00,1.016863549600000078e+04
0.000000000000000000e+00,0.000000000000000000e+00,2.376000000000000000e+03,2.942500000000000115e-01,2.172935088672153506e+04,2.183100000000000041e+00,9.953740475999999035e+03
0.000000000000000000e+00,0.000000000000000000e+00,2.377000000000000000e+03,3.016714285714285348e-01,2.237951701254496948e+04,2.190700000000000092e+00,1.021587959199999932e+04
0.000000000000000000e+00,0.000000000000000000e+00,2.378000000000000000e+03,2.976166666666666405e-01,2.232927637070479977e+04,2.193783333333333641e+00,1.017842333533333476e+04
0.000000000000000000e+00,0.000000000000000000e+00,2.379000000000000000e+03,2.836857142857142633e-01,2.218278303549582415e+04,2.189900000000000180e+00,1.012964036914285498e+04
0.000000000000000000e+00,0.000000000000000000e+00,2.380000000000000000e+03,3.071714285714285397e-01,2.183468902829382932e+04,2.194900000000000073e+00,9.947834963999999673e+03
0.000000000000000000e+00,0.000000000000000000e+00,2.381000000000000000e+03,2.968500000000000028e-01,2.194695062028139728e+04,2.186266666666666580e+00,1.003849550933333376e+04
0.000000000000000000e+00,0.000000000000000000e+00,2.382000000000000000e+03,2.859142857142857319e-01,2.213077877342674765e+04,2.178157142857143125e+00,1.016043339600000218e+04
0.000000000000000000e+00,0.000000000000000000e+00,2.383000000000000000e+03,2.954666666666666552e-01,2.162099744930846646e+04,2.167016666666666591e+00,9.977198481999999785e+03
0.000000000000000000e+00,0.000000000000000000e+00,2.384000000000000000e+03,2.988285714285714434e-01,2.190746563823422548e+04,2.170585714285714118e+00,1.009280122285714242e+04
0.000000000000000000e+00,0.000000000000000000e+00,2.385000000000000000e+03,2.932000000000000162e-01,2.138564602554799785e+04,2.164066666666666361e+00,9.881999441333333380e+03
0.000000000000000000e+00,0.000000000000000000e+00,2.386000000000000000e+03,3.015714285714285459e-01,2.148410435734508428e+04,2.160214285714285865e+00,9.945257161142857512e+03
0.000000000000000000e+00,0.000000000000000000e+00,2.387000000000000000e+03,3.000833333333333131e-01,2.351863579743446826e+04,2.193233333333333146e+00,1.072216788466666731e+04
0.000000000000000000e+00,0.000000000000000000e+00,2.388000000000000000e+03,2.750857142857143223e-01,2.373280620095708946e+04,2.240142857142857213e+00,1.059420731314285695e+04
0.000000000000000000e+00,0.000000000000000000e+00,2.389000000000000000e+03,2.868857142857142994e-01,2.188092220375154284e+04,2.194114285714285906e+00,9.972160049142856224e+03
0.000000000000000000e+00,0.000000000000000000e+00,2.390000000000000000e+03,3.142833333333333035e-01,2.092257003741373410e+04,2.148916666666666586e+00,9.736330145333333348e+03
0.000000000000000000e+00,0.000000000000000000e+00,2.391000000000000000e+03,3.116428571428571659e-01,2.113231027972096854e+04,2.158871428571428996e+00,9.788198663428571308e+03
0.000000000000000000e+00,0.000000000000000000e+00,2.392000000000000000e+03,2.935666666666666424e-01,2.130685857770746588e+04,2.183733333333333082e+00,9.757218160000002172e+03
0.000000000000000000e+00,0.000000000000000000e+00,2.393000000000000000e+03,2.980142857142857316e-01,2.143847965584760095e+04,2.187228571428571744e+00,9.801790714857141211e+03
0.000000000000000000e+00,0.000000000000000000e+00,2.394000000000000000e+03,2.845333333333333603e-01,2.132135379908120012e+04,2.181900000000000173e+00,9.771981939999999668e+03
0.000000000000000000e+00,0.000000000000000000e+00,2.395000000000000000e+03,2.963714285714286190e-01,2.164241691396714305e+04,2.173571428571428932e+00,9.956880708571427022e+03
0.000000000000000000e+00,0.000000000000000000e+00,2.396000000000000000e+03,2.936000000000000276e-01,2.233299968353486111e+04,2.177700000000000191e+00,1.025539027942856956e+04
0.000000000000000000e+00,0.000000000000000000e+00,2.397000000000000000e+03,3.004333333333333855e-01,2.221131828512786888e+04,2.177333333333332899e+00,1.020127985400000034e+04
0.000000000000000000e+00,0.000000000000000000e+00,2.398000000000000000e+03,2.894714285714285462e-01,2.326212406647268654e+04,2.207242857142857062e+00,1.053829242571428586e+04
0.000000000000000000e+00,0.000000000000000000e+00,2.399000000000000000e+03,2.984999999999999876e-01,2.281520909622840190e+04,2.235866666666666447e+00,1.020406856800000060e+04
0.000000000000000000e+00,0.000000000000000000e+00,2.400000000000000000e+03,2.761714285714285677e-01,2.370922923638560314e+04,2.252414285714285480e+00,1.052643453257142755e+04
0.000000000000000000e+00,0.000000000000000000e+00,2.401000000000000000e+03,2.968166666666666731e-01,2.414285857003426645e+04,2.253466666666666729e+00,1.071407514600000104e+04
0.000000000000000000e+00,0.000000000000000000e+00,2.402000000000000000e+03,2.907285714285713918e-01,2.385741243385336566e+04,2.271314285714285841e+00,1.050379673657142848e+04
0.000000000000000000e+00,0.000000000000000000e+00,2.403000000000000000e+03,2.818166666666666598e-01,2.417351057779553230e+04,2.252966666666667006e+00,1.072971381666666821e+04
0.000000000000000000e+00,0.000000000000000000e+00,2.404000000000000000e+03,2.605999999999999983e-01,2.419238449181657052e+04,2.255214285714285172e+00,1.072928418285714179e+04
0.000000000000000000e+00,0.000000000000000000e+00,2.405000000000000000e+03,3.117714285714285327e-01,2.375312661311839838e+04,2.339085714285714435e+00,1.015448101485714324e+04
0.000000000000000000e+00,0.000000000000000000e+00,2.406000000000000000e+03,3.138499999999999623e-01,2.262056979100606986e+04,2.197633333333333550e+00,1.029407294533333334e+04
0.000000000000000000e+00,0.000000000000000000e+00,2.407000000000000000e+03,2.870571428571428996e-01,2.403767754554611383e+04,2.188585714285713912e+00,1.097961227485714517e+04
0.000000000000000000e+00,0.000000000000000000e+00,2.408000000000000000e+03,2.500833333333333797e-01,2.590736055672580187e+04,2.259883333333333244e+00,1.146462197666666725e+04
0.000000000000000000e+00,0.000000000000000000e+00,2.409000000000000000e+03,2.415714285714285481e-01,2.495793336802016711e+04,2.265071428571428402e+00,1.101851366342857364e+04
0.000000000000000000e+00,0.000000000000000000e+00,2.410000000000000000e+03,2.848333333333333273e-01,2.370459209712960001e+04,2.307516666666666438e+00,1.027214599799999996e+04
0.000000000000000000e+00,0.000000000000000000e+00,2.411000000000000000e+03,2.816428571428571392e-01,2.500160118437817073e+04,2.335171428571428454e+00,1.071034904914285653e+04
0.000000000000000000e+00,0.000000000000000000e+00,2.412000000000000000e+03,2.665142857142857036e-01,2.525237741568759884e+04,2.258257142857142963e+00,1.118218071028571285e+04
0.000000000000000000e+00,0.000000000000000000e+00,2.413000000000000000e+03,2.861666666666667358e-01,2.499628506278573695e+04,2.313116666666666266e+00,1.080692291800000021e+04
0.000000000000000000e+00,0.000000000000000000e+00,2.414000000000000000e+03,2.744285714285714106e-01,2.486776082576457338e+04,2.250928571428571612e+00,1.104776000857142753e+04
0.000000000000000000e+00,0.000000000000000000e+00,2.415000000000000000e+03,2.779333333333333655e-01,2.523359722042346766e+04,2.265733333333333377e+00,1.113697542199999771e+04
0.000000000000000000e+00,0.000000000000000000e+00,2.416000000000000000e+03,2.411571428571428477e-01,2.672681086181959836e+04,2.262085714285714033e+00,1.181866367028571221e+04
0.000000000000000000e+00,0.000000000000000000e+00,2.417000000000000000e+03,2.549833333333333396e-01,2.494616289364026670e+04,2.243499999999999606e+00,1.111980569266666680e+04
0.000000000000000000e+00,0.000000000000000000e+00,2.418000000000000000e+03,2.592571428571427972e-01,2.538850751940634655e+04,2.246457142857142930e+00,1.130132207142857078e+04
0.000000000000000000e+00,0.000000000000000000e+00,2.419000000000000000e+03,3.015000000000000457e-01,2.365680018287060011e+04,2.279700000000000060e+00,1.037625798733333249e+04
0.000000000000000000e+00,0.000000000000000000e+00,2.420000000000000000e+03,2.792857142857143038e-01,2.440473967765205452e+04,2.263671428571428557e+00,1.078121519314285615e+04
0.000000000000000000e+00,0.000000000000000000e+00,2.421000000000000000e+03,2.668714285714285928e-01,2.457024927706160088e+04,2.243357142857143049e+00,1.095270938685714282e+04
0.000000000000000000e+00,0.000000000000000000e+00,2.422000000000000000e+03,2.521666666666666501e-01,2.485050564539112747e+04,2.235549999999999926e+00,1.111739974333333339e+04
0.000000000000000000e+00,0.000000000000000000e+00,2.423000000000000000e+03,2.713857142857142857e-01,2.436521478887319608e+04,2.237485714285714078e+00,1.088948291314285780e+04
0.000000000000000000e+00,0.000000000000000000e+00,2.424000000000000000e+03,2.606833333333333225e-01,2.567797754413619987e+04,2.284483333333333199e+00,1.123988443666666717e+04
0.000000000000000000e+00,0.000000000000000000e+00,2.425000000000000000e+03,2.667285714285714260e-01,2.567605235894148791e+04,2.317328571428571404e+00,1.107991224057142790e+04
0.000000000000000000e+00,0.000000000000000000e+00,2.426000000000000000e+03,2.827500000000000013e-01,2.490942345676906916e+04,2.312233333333333363e+00,1.077318494666666629e+04
0.000000000000000000e+00,0.000000000000000000e+00,2.427000000000000000e+03,2.992000000000000215e-01,2.351208870701748310e+04,2.274557142857142722e+00,1.033689571885714213e+04
0.000000000000000000e+00,0.000000000000000000e+00,2.428000000000000000e+03,2.907000000000000139e-01,2.474186662726026771e+04,2.292100000000000026e+00,1.079379955799999880e+04
0.000000000000000000e+00,0.000000000000000000e+00,2.429000000000000000e+03,2.724142857142857199e-01,2.446101199385097061e+04,2.223357142857143032e+00,1.100220320171428284e+04
0.000000000000000000e+00,0.000000000000000000e+00,2.430000000000000000e+03,2.695857142857142619e-01,2.487696679250086163e+04,2.227585714285714058e+00,1.116737006114285577e+04
0.000000000000000000e+00,0.000000000000000000e+00,2.431000000000000000e+03,2.676833333333333287e-01,2.429707541114593550e+04,2.224299999999999944e+00,1.092410358666666616e+04
0.000000000000000000e+00,0.000000000000000000e+00,2.432000000000000000e+03,2.774714285714285356e-01,2.419972128901422911e+04,2.218214285714285694e+00,1.090958977542857065e+04
0.000000000000000000e+00,0.000000000000000000e+00,2.433000000000000000e+03,2.732499999999999929e-01,2.453004306405146781e+04,2.219483333333333253e+00,1.105216570800000045e+04
0.000000000000000000e+00,0.000000000000000000e+00,2.434000000000000000e+03,2.540142857142856925e-01,2.460579358359834077e+04,2.252057142857142757e+00,1.092632205942857036e+04
0.000000000000000000e+00,0.000000000000000000e+00,2.435000000000000000e+03,2.614833333333333454e-01,2.462095773231506973e+04,2.306950000000000056e+00,1.067186167133333402e+04
0.000000000000000000e+00,0.000000000000000000e+00,2.436000000000000000e+03,2.777571428571428691e-01,2.255993966080068640e+04,2.216914285714285615e+00,1.017594708228571290e+04
0.000000000000000000e+00,0.000000000000000000e+00,2.437000000000000000e+03,3.104000000000000647e-01,2.552140944060709080e+04,2.308871428571428464e+00,1.105230631542857373e+04
0.000000000000000000e+00,0.000000000000000000e+00,2.438000000000000000e+03,2.146166666666666778e-01,2.516014591120513433e+04,2.354100000000000303e+00,1.068296184666666704e+04
0.000000000000000000e+00,0.000000000000000000e+00,2.439000000000000000e+03,2.799857142857142822e-01,2.389635431736422834e+04,2.265785714285714292e+00,1.054696321714285659e+04
0.000000000000000000e+00,0.000000000000000000e+00,2.440000000000000000e+03,2.818166666666666598e-01,2.431154675894059983e+04,2.265683333333333493e+00,1.073053402666666625e+04
0.000000000000000000e+00,0.000000000000000000e+00,2.441000000000000000e+03,2.684142857142857719e-01,2.447380114874091305e+04,2.225528571428571301e+00,1.099639142800000081e+04
0.000000000000000000e+00,0.000000000000000000e+00,2.442000000000000000e+03,2.762833333333333252e-01,2.577774950161586821e+04,2.276700000000000390e+00,1.132316309199999705e+04
0.000000000000000000e+00,0.000000000000000000e+00,2.443000000000000000e+03,2.314571428571428613e-01,2.619319504046942893e+04,2.252357142857142502e+00,1.162851555771428502e+04
0.000000000000000000e+00,0.000000000000000000e+00,2.444000000000000000e+03,2.917333333333333445e-01,2.500592151322533391e+04,2.221950000000000092e+00,1.125393736799999897e+04
0.000000000000000000e+00,0.000000000000000000e+00,2.445000000000000000e+03,2.715428571428571414e-01,2.433393040467000174e+04,2.215100000000000069e+00,1.098551778685714453e+04
0.000000000000000000e+00,0.000000000000000000e+00,2.446000000000000000e+03,2.766285714285713904e-01,2.409211987012291866e+04,2.225485714285714511e+00,1.082649078514285611e+04
0.000000000000000000e+00,0.000000000000000000e+00,2.447000000000000000e+03,2.875833333333333575e-01,2.384433490015780262e+04,2.270016666666666794e+00,1.050432010866666496e+04
0.000000000000000000e+00,0.000000000000000000e+00,2.448000000000000000e+03,2.966142857142856637e-01,2.350591091810588478e+04,2.315985714285714092e+00,1.014984096971428698e+04
0.000000000000000000e+00,0.000000000000000000e+00,2.449000000000000000e+03,3.117166666666666974e-01,2.289251467612999841e+04,2.293083333333333584e+00,9.981518254666665598e+03
0.000000000000000000e+00,0.000000000000000000e+00,2.450000000000000000e+03,3.577000000000000179e-01,2.206290745048246026e+04,2.284671428571428464e+00,9.656871325142856222e+03
